PWR0:0.765224863739,0.729788801282,0.526571292876,0.665435020872
PWR0:0.765571910638,0.906581623634,0.215053331776,0.489225679053,0.336675420668,0.509484156301
S1:0.400740287262,0.800375792402,0.314873407831,0.536590795447
INT.1:0.527666499796,0.382876736257,0.471727253426,0.524371729803,0.198303995319,0.931574868021,0.765852998738
PWR0:0.26557965931,0.0353394140269
S1:0.484402959435,0.457597502926,0.37525273601,0.56439110952,0.483282865834,0.798564976177,0.228805957639,0.917078385024,0.546025519018
S0:0.404203362969,0.268950703727,0.500080913121,0.419986309806
INT.0:0.369925515231,0.585908801887,0.556281551132,0.705205381961
S1:0.636279791557,0.358290633194,0.358752565193,0.234655286666,0.714052904541
S0:0.697975379032,0.452877965884,0.361449116199,0.573376248172,0.289238491306,0.818857250081
INT.1:0.210121643758,0.79997102084,0.12707825966,0.301160596553,0.350005595574,0.508572926243,0.400287475308
S1:0.2259774202,0.483589583282,0.346605078816,0.562680429902
S1:0.520515526594,0.565090690399
S0:0.432243019366,0.783203889778,0.20524758854,0.648741867325,0.167174799172,0.071415028096,0.377883353015,0.347957090716
S1:0.414137349943,0.727478734936,0.484002987401,0.38790429945,0.131366002349,0.636809480877,0.509237687144,0.40899402408
S2:0.335168797749,0.755690083653,0.551470701498,0.111617073992,0.334530580468,0.492393566597
S1:0.577250313291,0.54314752497,0.422798712988,0.472838765235,0.642250993162,0.751611557111,0.273079345605,0.545582654996
S2:0.476703116852,0.398441225377
PWR1:0.685081603568,0.334513257934,0.680913817631,0.446661121904,0.0562486878867,0.799086779927,0.706292507806,0.484373386144,0.545347503235
PWR0:0.467218354654,0.957540577732,0.726497324616,0.593008657676,0.334657108619,0.184577667911,0.368355099164,0.743901040258,0.661208921224,0.499594893792
INT.0:0.272545817915,0.59283677503
S1:0.354441034564,0.575768717499,0.597266862901,0.482508780947,0.737285189689,0.498072906289
PWR0:0.441645501775,0.51733752446,0.484742986181,0.480753630318,0.636705603327,0.550502414385,0.438692029041,0.613630208474
INT.0:0.602685512067,0.673679844807,0.558196915012
INT.1:0.420666631365,0.549686921922
PWR0:0.428392253291,0.665376688817,0.209840780187,0.633324051688,0.567995160793,0.715573528285,0.67416408083,0.144568752004,0.17233937284
S2:0.543042002368,0.441152875214,0.375808843295,0.764731673831,0.922038491236,0.910902055413,0.766149729142,0.547839641496
S1:0.835375208308,0.39980583893,0.912468485976,0.193179156226,0.598795768675,0.515744664727,0.565262164199,0.661811443862,0.82973864529,0.559230716056
S1:0.535395765483,0.574198603791,0.26213151163,0.692313085954,0.426879050466,0.304729228343,0.723469101095,0.609280896268,0.472917920268
INT.1:0.719117959593,0.406766301631,0.517205746336,0.520843450451,0.258002297061,0.405245514423
INT.1:0.295784280484,0.484615203894,0.394929393466,0.184644279319,0.29618848345,0.385657700389,0.26076013971
PWR0:0.7108297096,0.0697513406381
INT.0:0.485361487461,0.443989957535
S2:0.637551139243,0.313520722735
PWR0:0.69455705809,0.507999287114,0.625283975956,0.257585030652,0.295876013177,0.323428910718,0.439405244308,0.440576495564
S2:0.605981932469,0.474386135931,0.341109167109,0.793285164263
INT.1:0.262484979143
S1:0.67964115175,0.738729464967,0.975410723607,0.77642734708,0.525997943986,0.445607661065,0.19825427916
S2:0.330617822409,0.417785388643,0.305615141234
PWR0:0.493039011812,0.522586470636,0.688777549253,0.742268607874,0.573940855993,0.541510995466
PWR0:0.530896593655,0.598494931191,0.700288279676,0.550416702972,0.776145408546,0.715819852439,0.491656443867,0.772497100438,0.490235839072,0.315667852598
S2:0.818196595889,0.670834886739
PWR1:0.766590222213,0.167274286648,0.102257828204,0.539230342974,0.615177450365,0.453706930208,0.433794916779
PWR1:0.813946938651,0.449976886377,0.171437202202,0.497861686062,0.0801001551228,0.421913965676
PWR1:0.321489336663
PWR0:0.819765009265,0.140807396842,0.652914656493
PWR0:0.456336965817,0.631642883361,0.639648366658,0.233312717259,0.491397301802,0.464417581569,0.35175382526,0.352877451041,0.891985267873
INT.0:0.313758425489
S1:0.571522312323,0.197243266771,0.773468219398,0.418954489611,0.325735546904,0.274814268822,0.563995376862
S0:0.80198006729,0.754415840703,0.713323614253,0.639423113803,0.624251234181,0.490813964693,0.14235676943,0.793818654228,0.680410094828
INT.0:0.693954308834,0.295391967115,0.50209026113,0.297527555806,0.919902344749
S1:0.251439293429,0.169234371372,0.173397809878,0.642052471704,0.720405107434,0.138623689832,0.646928451095,0.160819595003
S2:0.282954587319,0.208377914765,0.468839083264,0.581577949252,0.690652542692,0.402611051269,0.325297971595,0.735326968171
PWR1:0.355955490979,0.539487439689,0.239769106526,0.745401699609
S2:0.341650794531,0.389211529626,0.379250382279,0.460520293983,0.184132435851,0.586437555238,0.693740767113,0.383001031404,0.99696490532,0.723120128312
S2:0.364936150722,0.409686798402,0.747036454152,0.256700335057,0.161221355384,0.407845099624,0.356225742062,0.343238392141
S1:0.777276913081,0.911581394479,0.489227440138
PWR0:0.475539545661,0.591225674442,0.628700766767,0.20554340366,0.575612436984,0.617762204761,0.536614869104,0.64536634267,0.479270833828
S0:0.818314435125,0.361718085162,0.81396195519,0.420718906579
INT.1:0.738183107975,0.129108582068
S2:0.393412616453,0.42557690223,0.204354883782,0.785270289637,0.290294994982,0.611414896725,0.243371569333,0.47630209259
PWR1:0.350617698113,0.54062591738,0.0876640322521,0.672594306839,0.497737063959
S1:0.45364674479,0.476989352349
PWR0:0.660560891752,0.929820814926,0.373843352925,0.317854721758,0.519267552926,0.447552912602
PWR1:0.463351596881,0.541084195892,0.729305375669,0.527878176531,0.416540399279,0.324321622285,0.682081782064,0.650868522708,0.615188339777
INT.1:0.506127245199,0.4267871918
INT.0:0.561647307809,0.559482980848,0.482088329134,0.606187073934,0.949097953501,0.394192332227,0.706134674176,0.454884226104
INT.0:0.53361674296,0.202944456466,0.361456327621,0.286157765152,0.171487303707,0.366541963233,0.712198991645,0.65721995123,0.691140931809,0.449779044359
S1:0.312751813415,0.890512753144,0.8205248837,0.706938266749,0.491996674583,0.863492727549,0.69919455453,0.112694950629,0.251724423663,0.701330102357
S2:0.349688505676,0.373693209441,0.557497734536
INT.0:0.578143997429,0.222242319308,0.758118830981,0.633878963464,0.251869351999,0.914043049339,0.146888382812,0.664994399935,0.503579853573
PWR0:0.722494369051,0.10634909161,0.817201717381,0.822400594108,0.336938489762,0.296236333192,0.5543992261,0.393700297946
PWR0:0.275361846283,0.642554667822,0.465964647484,0.469155716131,0.696697662049
S2:0.577748112599,0.412230637313,0.496713706435
S2:0.709955874621,0.161220484172
S2:0.473496675587,0.278193832472
INT.1:0.615325563637,0.375257146883,0.47226466314,0.446881092505,0.116309474151,0.40157936798
PWR0:0.719257923142,0.580580072601
S1:0.830661100171
S1:0.5670716992,0.650199538878,0.311836219856,0.650746604168
S0:0.48024381503,0.397185547251,0.642083091977,0.606324660559,0.35237067616,0.575687679942
INT.0:0.804986058682
S0:0.11514709938,0.478614092932,0.859714322369,0.482815833645
S1:0.599463165611,0.130644351596
INT.0:0.573202015712
S0:0.485037870375,0.506874117543,0.244497475859,0.547689161092,0.81244899002,0.48416565303,0.619503608377,0.710621016981
S0:0.295464066668,0.854974688932,0.669117876853,0.423737089583,0.339005229148,0.705396662788,0.535579446616,0.458499114097
PWR0:0.764490294277,0.492535129071,0.849554528259,0.481264636377,0.313150055845
PWR1:0.723751296437,0.675328900268,0.776181899311,0.900239179237,0.226562607727,0.932991184598
PWR0:0.598925395632,0.8735566023,0.22621095829,0.239089715381,0.4585228262
S2:0.374983827723,0.172025709898,0.933481287931,0.39474032576,0.517333643211,0.170336841544
INT.1:0.294045387819,0.411287664589
PWR0:0.216161399907,0.583866242725,0.0851130344246,0.274649477268,0.00602144330965,0.743240585034,0.663181305398,0.71810055347,0.368826637184,0.515318963558
PWR0:0.412524381744,0.640335367477,0.867229921684,0.574912949386,0.596542012206,0.500362350859,0.62196897484,0.510959628967,0.724615488719
S1:0.648451222989,0.41570987968,0.613710912878,0.835946446312,0.823304016677,0.596393180884
S1:0.479172211838,0.452331094267,0.785017035327,0.343352096985
PWR0:0.398097723566,0.568660294176,0.923706014866,0.840598914552,0.378704718624,0.746447465549
S2:0.871679451391,0.355121344412,0.28740788531,0.483435195404,0.55603569161,0.746839537354,0.785827327559,0.436457204855,0.304707829599,0.467570054672
S0:0.303246631978,0.190727013363,0.518307598944,0.436020762876,0.207274912929,0.308717493183,0.822940161789,0.508780067973
PWR0:0.700798149079,0.70174291449,0.506868929251,0.279984358207,0.308399643187,0.733373290555,0.399099875859
S0:0.198387400407,0.503596310467,0.822800953331,0.434498513062,0.584790632245
S2:0.59851140197,0.471447672795,0.309246868995,0.532422268822,0.319381609519,0.320344373393,0.0322130662074,0.603262281629,0.463728104062,0.48433551321
S0:0.421397829216,0.339169210844,0.354114969396,0.77080689301,0.322021828241,0.483154147334
PWR1:0.235524407892,0.402308855823,0.53613332624,0.474187798725,0.468219493073,0.408365153017,0.504400871814,0.663096483584,0.104103641912
INT.0:0.422951841327,0.547692243976,0.713365798517,0.62463030213
INT.0:0.626533072891,0.494796512069,0.200294365436,0.27745129862,0.565646813999,0.478820752763,0.639810122383,0.411622168714,0.592481783045,0.143036851503
PWR0:0.69584367596,0.506748446125,0.647899017289,0.503755738641,0.379417323597,0.577675116321,0.318471819582,0.652395426289,0.556750986736
S1:0.509728276215,0.911039987255,0.121953303309,0.690324318727
PWR1:0.57311709827,0.78926250786,0.68816273755
S0:0.366640127169,0.509035462052,0.487151591875,0.521549491296,0.566661136978,0.715532209902,0.553374605904
S1:0.554323337694,0.367901019021
S2:0.357697204617,0.322779224573,0.240481937172,0.336564316274,0.195089069486
INT.1:0.765976361095,0.499393651227,0.553037934929,0.385561661926,0.417446971498,0.499137342119,0.396761668045,0.775603085325,0.709471017744,0.663741724207
INT.0:0.389914778845,0.559605500664,0.480597232014,0.41049675831
S0:0.75917274255,0.452352112301,0.215304583251,0.682599110306,0.241875680151,0.697586911764,0.216757884825
INT.0:0.550441990157,0.364241782434,0.343422959427
INT.0:0.493390712238,0.667482214781,0.126762832167,0.785512854149,0.501641674545
PWR0:0.573316874327,0.228147448814,0.745050996402,0.462431845559,0.379026668517,0.575207706298,0.644446835296,0.416770635185,0.563798155989,0.958419321979
PWR0:0.802998798005,0.309789937961,0.317409888095,0.87464081612,0.130724238357
INT.1:0.471152881527,0.0516698612613,0.427245684921,0.715480859047,0.152243112803,0.70211104871
PWR1:0.423179203013,0.29870369393,0.128562145625,0.0161390970802,0.187792437282,0.162254425957,0.425500478006
S2:0.694239322457,0.376616958738,0.973342666833
PWR1:0.645370953837
S1:0.472222441806,0.304752305424
INT.1:0.5472480222,0.362270736905,0.669200400939,0.626082672402
INT.1:0.110351276586,0.540983255388,0.233569571544
S0:0.858704199475,0.304722985031,0.564003037025,0.189771202061,0.458175665094,0.80358077839,0.676309631847,0.608304554822,0.106082721835
S2:0.608633822609,0.331037226253,0.578771103662
S2:0.703855035034,0.498403786089,0.558457715111,0.654899863383,0.509514601363,0.370347112969
PWR0:0.458150983149,0.55057631281,0.326322916349
S1:0.670622117359,0.416558773253,0.672270516252,0.896111498924
PWR1:0.801640882657
S2:0.467384323543
PWR1:0.625349000208
S1:0.3772033371,0.460716507042
PWR1:0.180884666023,0.469654941113,0.708270946888,0.15465259509,0.526798440975
PWR0:0.189465459307,0.575395722606,0.54133753357,0.455913119342,0.87832004075,0.331558543962,0.329771465298,0.578959814676,0.578540989053,0.444213726217
S1:0.46149204464,0.398291869959,0.943261369585,0.498404082475,0.275747094306,0.593882471582,0.28233342913,0.749444981974,0.617313451629
PWR0:0.114795894962,0.947641094305
S0:0.725387298048,0.57380467826,0.0626844231871,0.791434988709,0.650457522229,0.186361567088,0.572874629071,0.441761094962,0.499683658853
S2:0.739841039211
INT.1:0.540308923483,0.849555000498
INT.1:0.715927719501,0.938026568714,0.398384981957
PWR0:0.602669808369
INT.1:0.29223452297,0.519362293009,0.49562339175,0.726620180872
S0:0.249483534163,0.605931052041
INT.0:0.649687351545,0.324400693867,0.772821517531,0.888260975685,0.438568765081,0.588003512945
INT.1:0.515229967287,0.823755981981,0.632764137853,0.188762206573
S2:0.426885576979,0.248677740414,0.460948674183
S0:0.37863102628,0.643007632203,0.445142771677,0.487462750656,0.817511970962,0.509553113707,0.546844317553,0.811024431721,0.361106231153
S1:0.843393529546
INT.1:0.165213244102,0.405214174983,0.207270391429,0.266260190086,0.279415923849,0.431684191257,0.241609373446,0.354193834143,0.397672825611,0.473633747716
S1:0.399097215846
PWR0:0.498089288272
S1:0.337421036019,0.0422730140903,0.562775285053,0.402203066649
INT.0:0.215025479534,0.306495105732,0.794811560401,0.642766121678,0.379250100194,0.461973788398,0.220644884488,0.389490478329,0.645901252201
S2:0.42506953631,0.857197151453,0.380500537635,0.552242298221,0.761181369308,0.705082782784,0.589504270729
S2:0.482337627026,0.325987203814,0.955094853624,0.395491102715,0.563088849635,0.593654927847,0.502496680515,0.571549996287
S2:0.431423587063,0.222545385371,0.151260247694,0.230591114247,0.328158309947
S2:0.445898582638,0.23629807183,0.634726514123,0.519563586511,0.806895863833,0.639382693367,0.282668827824
PWR1:0.971505797089,0.626372154386,0.679791919274
INT.1:0.271113012626,0.409698976876,0.40857072417,0.663387651928,0.693614436176,0.368929819027,0.335858600262
INT.1:0.557237099121,0.331506500417,0.599370147495,0.445264799699,0.579803113093,0.760188384461,0.575954466267,0.495511768169,0.507445210613,0.788230380789
PWR0:0.76173584341,0.598435211955,0.506023987173,0.561723484133,0.646414213503,0.375450855095
S2:0.588998512735,0.577653306749,0.56667629832,0.200416157391,0.75238441516,0.299035714973,0.739029074783,0.650238954041,0.493864818887,0.6479526573
PWR0:0.162528009886,0.408215272543,0.848691244535
PWR1:0.46565689784,0.892692776946,0.582032232034,0.475184552703,0.269131572603,0.826626233973,0.507304358154,0.717641341942
PWR0:0.308743669538,0.392190880646,0.619597306449,0.729183319462,0.611272220501,0.305383726865,0.106883860638,0.788027316868,0.385744495473,0.357840432447
PWR0:0.688165058893,0.784736940301,0.20688291413
S0:0.536177451989,0.276950681465,0.850851079232,0.46814207445,0.565616093944,0.0170659861682,0.493959031453,0.694386294332,0.623758352501,0.520982479567
INT.0:0.441870774546,0.671700622354,0.500676031563,0.892076610226,0.509730763178,0.436051376002,0.597456648676,0.759821508087
INT.1:0.339607007559,0.694794909959,0.541649892381
S1:0.424935527662,0.974412828188,0.0304032037812,0.568546555477,0.117097539336,0.523812296999,0.624507823711
S1:0.345088085865,0.545710900102,0.462729451449,0.249428624924
S1:0.344212655875,0.345245386444,0.443700774654,0.0940123325905,0.203677717092,0.174070675041,0.727393170541
PWR1:0.638651055148,0.744684149242,0.276748759655
INT.0:0.425806871733,0.872024111953,0.457348162428
S2:0.484969809993,0.111564702602
S1:0.730659373667
S1:0.357046114786,0.532917767644,0.709031192929,0.430787233108
PWR0:0.349540721777,0.578358283803,0.97345967328,0.690980061361,0.769128031422,0.605633148571,0.246314338336,0.465803356038
S2:0.531700920296,0.596956651727,0.609489936457,0.164215251326
S2:0.17830188556,0.604154710763,0.525100931175,0.434168615206,0.694462452985
PWR1:0.517775624911,0.442281324422,0.525613446233,0.803358963803,0.74052089086,0.659156614138
INT.1:0.229271708498
S1:0.894611001069,0.68855518106,0.321578750166,0.776041528317,0.0804596237594,0.568170801116,0.740349688273,0.441914037715
PWR1:0.917987550577,0.762782812197,0.13846866375,0.394636301386,0.0991683271637
INT.1:0.0707332077006,0.948309676408,0.176899734061,0.448015798715,0.827754093226,0.754382386205,0.47982744769,0.152630661979,0.490241850116
S1:0.738231661235,0.463112312321,0.4124566755,0.528993341036,0.191855238795,0.267095877145,0.621119485401,0.50630408706,0.610448803979
INT.0:0.412424733086,0.044622062492,0.339789795638,0.670243812507,0.695099480242,0.260452547217
S0:0.527701506033,0.591392308711,0.326899770047,0.622876263232,0.647891194087,0.458311936319,0.724188608203,0.221264830005,0.201120976205
PWR0:0.855161586085,0.611799838547,0.447202780701,0.489261223118,0.491547674304,0.696863549262,0.14043498888,0.373730393051,0.262569944915,0.17880068985
PWR1:0.100447574757,0.518146470881,0.809829601981,0.825338791893,0.610986046355,0.285673155725,0.629481013967
S1:0.552604979551,0.584522174788,0.617064394419,0.0955150940717,0.480977790264,0.459471972579,0.979163777166,0.839928773979,0.499535571749,0.844541188139
S0:0.495422800658,0.381062728749,0.453965510544,0.621358360725,0.374609064513,0.276243987138
S2:0.57730669698,0.358338264056,0.365971351719,0.687474945933,0.775475714981,0.481595074048,0.466747665151
S2:0.846694719456,0.431177742928
S1:0.175645451438,0.825230383287,0.580406833426,0.535942225168,0.576567001083
PWR1:0.653783746123,0.587740837498,0.426276819458,0.545127540026,0.250018342041
S0:0.362105364453,0.420620230673
INT.1:0.629655527346
S1:0.693210105954,0.384710614169,0.332875138787,0.354974440315,0.786284526679,0.460910701869,0.259065438203,0.602664233351,0.360313398552,0.64690840186
INT.1:0.519907619965
S1:0.445161927759,0.323274242031,0.392208643139,0.156299914215,0.616379059989,0.526243655662
PWR1:0.957818512457,0.335799899936
S1:0.502690863091,0.145283710122,0.503536648328,0.752235723253,0.360731273905,0.721978850786
INT.0:0.785226403759,0.824079433983,0.643557979049,0.42934210269,0.46429429548
S1:0.743623925205,0.639499398635,0.922803335264,0.604465862739,0.380639157553,0.549201114159,0.455328189973,0.730193108366
PWR0:0.409357329329,0.615065981302,0.240461074969,0.287900994036,0.321029330619,0.417908874383,0.206962938992,0.514021681809
PWR1:0.366861549728,0.597498092567
S0:0.819742848068,0.533543006894,0.0918521339914,0.70375744391
INT.1:0.785672951817,0.83096418901,0.0883124928389
PWR0:0.509628110128,0.466480749202,0.303333874601
S2:0.48993134569,0.887602762895
S2:0.51021695199,0.445042760321,0.355849134376,0.727240657593,0.316697542048,0.808159410814,0.601922992935,0.206829404211
INT.0:0.683985772732,0.308462670629,0.296885852317,0.240002661025,0.179462336911,0.386946494451,0.77194262238,0.316550074232,0.498858281341,0.379758952803
INT.0:0.773753805557
S2:0.553972179709
INT.1:0.826153936016,0.55042920168,0.69103274681,0.147390888836,0.800291527836,0.317953302898,0.642359299938,0.704932944092,0.293742335642
PWR0:0.570393920342,0.515659874799,0.465781478706,0.380615557401,0.642326969637,0.837342848871
PWR1:0.88988594416,0.225077984376,0.83560175658
PWR1:0.688342448428,0.601372230132,0.494791460608
INT.0:0.874325154173,0.656237213445,0.513509449056,0.613599487299,0.501483788863,0.30878874079,0.355197293663,0.264077483264,0.345708255195
S2:0.619038725855,0.0416946187908,0.543306645002,0.408304481078,0.386604264953,0.387414450451,0.668076130483,0.558355366935,0.221568246671,0.193283225008
INT.0:0.146681643454
PWR1:0.59831711995,0.546351975578,0.339586629255,0.0799666455611,0.111921512963,0.922828508256
INT.0:0.127717118218,0.419996422869,0.56290383496
S2:0.544775147481,0.315028578351
S0:0.471748938161,0.433825179224,0.597287217209,0.568439363053,0.347676119415
S1:0.441308573879,0.649881114217,0.987443232051,0.829262557207,0.418114105165
S2:0.416166001266,0.609120797746,0.323753846247,0.364412888186
INT.1:0.467685556262,0.171764458297,0.471804203517,0.710859921295,0.78968297172,0.809082751493,0.364942103251,0.747429387578,0.401608366706
INT.0:0.463853159437,0.32997405665,0.315647515068,0.138529847089,0.690818535452,0.26851570074,0.252908288421,0.748901119951
PWR1:0.302789253025,0.355110601867,0.540436624039,0.613554137816,0.464320796122,0.406890472299,0.237924329224
S2:0.508387501828,0.456191627587,0.143348831525,0.405107742775,0.530981049851,0.177011884061,0.649502484607
INT.1:0.783247817718,0.404512584759
PWR0:0.520789732876
INT.1:0.692263897676,0.601534771117
S1:0.888229138651,0.581761479937
S2:0.466761688542,0.571114899743,0.751372448011
INT.0:0.584482569788,0.516491338548,0.695226392206
PWR1:0.75484674101,0.227958842358,0.467867363115,0.207360171153,0.850108166327,0.591910628823,0.71885899511,0.368104470719,0.560601894816,0.471078367934
PWR0:0.842209971281,0.825171979045,0.669804721316,0.721902802495
PWR0:0.933991412306
S2:0.467021718627,0.675368003625,0.548128904702,0.217476425072,0.692501077574,0.835758479867,0.31071139996,0.789001776238
INT.1:0.618994435327,0.353833526503,0.790521711031
S1:0.303702663321,0.502992106188,0.378617554089,0.337967062873,0.651175327818,0.883571200159,0.77776985705,0.148204759574
INT.0:0.964106149763,0.391831968701,0.452918542841,0.271341137465,0.394744199537
INT.0:0.605311067658,0.3503093246,0.37917118087
PWR0:0.7147842227,0.324652356194,0.851710692498,0.478558381022,0.170258086759,0.365888172188,0.303256553402,0.500514095524,0.524979133003
INT.0:0.460592252598,0.395626251441,0.149465913157,0.518807143936,0.361025481706,0.531240800436,0.37693685591
S1:0.611522648866,0.5394355677,0.545156354059,0.51548379946,0.694143151371,0.112506705302,0.731100388571,0.38993590308,0.43431397585,0.398983992185
INT.0:0.637136378736,0.706627705264,0.627865565065,0.642803115099
PWR0:0.958839763257,0.38535136255,0.585966969054,0.789905466588,0.653681820143,0.416644641613,0.811793580304,0.805438735132,0.63242156528
S1:0.604475330565,0.332334189731,0.40381346829,0.285877069792
PWR0:0.626156134956
S0:0.184987898765,0.468136707909,0.800821094043
S2:0.823867283039,0.164582582964,0.508056002777,0.685739382142,0.693102800931,0.365273363703,0.567772152909,0.373254448654
INT.1:0.391919997831,0.807365890561,0.315561239885,0.789865350711,0.618269745924,0.113351693843,0.309828591995
PWR1:0.887761760056,0.47838871505,0.40657695395,0.894082376742,0.748090042385,0.403156334103,0.50170697938
S1:0.816455916514,0.538412281765
S0:0.731405490654
INT.1:0.519760778137,0.469721053782,0.322598329819,0.492006793531,0.537002779644,0.338124591743,0.920777327642,0.407903088462,0.458961030335,0.148731200191
S0:0.500293382442,0.740409715168,0.593469243176
PWR1:0.820985118021,0.806843729783,0.454529837199,0.639489248262,0.229927474566,0.510425856515,0.451170688436
INT.1:0.417058950289,0.476167087955,0.6156397425,0.369607904108,0.646590022037,0.516731310471,0.502765923703,0.266564890571
PWR0:0.553783359499,0.51532349997,0.0630982167346
INT.0:0.329223190963,0.334772101716,0.13364575244,0.528688575971,0.465536258711
S0:0.836391179718,0.844725467985,0.393483132428,0.394561549442,0.660181063841,0.245234957,0.482077031456,0.608353734965,0.745467286976
INT.1:0.189171519388,0.680499935471,0.460941770654,0.103788699781,0.738958240513,0.546378678058,0.32530036466,0.343375739117,0.550887763119
S1:0.421500043832,0.368491894458,0.56858470176,0.645670513606,0.448974663545,0.461020566521,0.786129584572,0.374749277663
S1:0.321228057222,0.498389241471,0.596525920291,0.261937521865,0.0573656826547,0.764142440397
S0:0.678635436247,0.133216388099,0.598986310328,0.206552508253
PWR1:0.327282414781,0.762605069345,0.298849863896,0.405487344721
INT.0:0.497297724259,0.418415442137,0.187781144413,0.716492675766,0.588426653078,0.485851721757,0.747922830061,0.397249347036,0.445739548522,0.273833639848
S2:0.2841525961,0.438946053318
PWR0:0.439704955521,0.291726390187,0.382362071187
PWR1:0.96686007722,0.45484434528,0.887750662472,0.233683848311,0.824292130451,0.73768904211
INT.1:0.442999578631,0.626821385073,0.702696400005,0.318523850591,0.356866557973
INT.0:0.663052584843,0.437756744254,0.266662279948
INT.1:0.528245615016,0.227207207497,0.931235168337
S1:0.442839547645,0.243343082229,0.541054729377,0.475227040183,0.547582651852,0.695127213538,0.318289279403,0.145833543795,0.185991296642
S0:0.298462016422,0.413369734846
PWR0:0.240925636024,0.40842089026,0.542770704882,0.456169997776,0.208689074309,0.818359473473,0.540210756725,0.649280923004,0.299352632349,0.31134462867
S0:0.839283643253,0.622326012767,0.360045320507,0.216731011562,0.275118088325,0.945330215394,0.275430136732,0.111748011285,0.176112980137
INT.1:0.751230132134,0.156768046194,0.0856769306829,0.270863311127,0.707151909013
S0:0.249631235846,0.445879797454,0.192840089319
INT.0:0.720103550697,0.471787096843,0.691975166979,0.684735147513,0.539084886206,0.575955957165,0.332547598771,0.191420419509,0.694643985573,0.489982054891
S1:0.41912870815,0.4311226883,0.422812469776
S2:0.626358075308,0.516756864753,0.13747485036,0.509186588459,0.592055895258
PWR0:0.167232270674,0.682928415674,0.689334568357,0.932249067223,0.144875549903,0.543950937049,0.399609220162,0.112059145665
S0:0.555140167624,0.369115058602,0.595836931924,0.720269076629,0.303708961818,0.410808546794
S2:0.257748993854,0.36888210483,0.705063306797,0.593071087475,0.319367300267,0.649673861008,0.380739703595
INT.0:0.693423669131,0.49457446191,0.377801450681,0.296610194842,0.916466216536,0.313965538591,0.371113549434,0.741410130332,0.86070553334,0.401600811494
PWR0:0.602198625065,0.624963960775,0.533473474317,0.424170289509,0.708978848184,0.420528690421,0.910961024526,0.344832017022,0.408297164822
S1:0.191513684688,0.50606321601,0.761117928758,0.522027841445,0.197354641892,0.61215898154,0.365956323741,0.492263394169,0.342672958166
PWR1:0.823179778316,0.4630639292,0.645066174745,0.507081583178
S2:0.634576393897,0.407590696236,0.528225506494,0.735708615564,0.754143444866,0.49759707034,0.595804556093
INT.1:0.411053699633,0.493495772357
PWR1:0.534799509645
PWR1:0.429674180098,0.833323139346,0.537740331341,0.585597492457,0.470757485534,0.784130745172,0.746876074295,0.543969807528
S0:0.547202897197,0.255363582196
INT.0:0.277378162937
S1:0.301080018473,0.867063014453,0.761752334173,0.615398248761,0.183412885004,0.511579148378,0.557249796858,0.210576738272
INT.0:0.704039624039,0.36104516483,0.755301597704,0.391341886221,0.509051534612,0.679037908207
PWR1:0.495656835216,0.733425200491,0.376035893545,0.545770137581,0.603459768671,0.176950678847,0.688207941586
S0:0.372109352534,0.92384017815,0.144927181657,0.383888908347,0.89409620034,0.276419598349
S2:0.728363393464,0.417219848398,0.372432534079,0.474626958541,0.701320512776,0.485968339443,0.391488232749,0.637763031426,0.084899354314
S0:0.8241906428,0.151857232324,0.669956132719,0.832417657331,0.840233500181,0.405576758365,0.350433726109,0.400527044401,0.350328948282
PWR1:0.320674602826,0.471582453385,0.394706028316,0.534994346924,0.307743340228,0.651801077021
INT.0:0.761510426496,0.473108194843,0.502622839316,0.443474152263,0.554050765919,0.602137083375,0.493903705754,0.720658709629,0.318274421619
PWR1:0.527042981477,0.216055707812,0.562972379221,0.0558157295726
PWR0:0.642374400248,0.558284474705,0.59337628043,0.397020923588,0.298260104017,0.385625901056,0.143663738916,0.106906855611,0.381053095661,0.568872930004
S0:0.377464294115,0.417488768571,0.569584295162,0.808194344427,0.257605475882,0.458827026538,0.172109532496,0.37917611649,0.556778451118
PWR1:0.286911709873,0.382965495326,0.699616259462,0.467447644752,0.153755258237,0.572222681112,0.410490298927,0.723413739954,0.993137829199
INT.0:0.455380767047,0.408813999188,0.553761719613
INT.1:0.261979341494,0.806021139898
S1:0.287208403829,0.679803944317,0.581605673134,0.414273828798,0.885807158537
S2:0.506088364607,0.824301348274,0.825231462045,0.670222326176,0.625260708817
S1:0.571951814346,0.47271013331,0.533224746294
INT.0:0.94342036186,0.500316885691,0.428520012656,0.458989228683,0.68828121252,0.588672352449,0.604276656434,0.707066209641
S0:0.356302769165,0.579689814368,0.473378614371,0.800686585388,0.195483781641,0.508457168816,0.341289763005,0.406843986959,0.477922765747,0.834518207172
S1:0.762578999867
S0:0.443954753224,0.634487993875,0.100905736529,0.166065597427,0.316036904241,0.449687277241,0.892552272549,0.668402714075,0.875773893184,0.41378815551
S1:0.368185874229,0.768863120159
INT.0:0.0981062064847
PWR0:0.896445233466,0.331394803191
S2:0.87657258737,0.397458694185
S0:0.617959320039,0.209819274695,0.399731208844,0.543893622555,0.127327707933,0.785635355573,0.471878685264
INT.1:0.540042534249
INT.1:0.264164257267,0.892686111726,0.340580450711,0.472798547782
PWR0:0.702161153616,0.135957908133,0.627983830818,0.634163459726,0.526445578164,0.625278482385,0.329649916025,0.196619384051,0.714762529476,0.611014284499
INT.0:0.195931520804,0.502897738215,0.780590624657,0.528233174035,0.247534043583,0.111120007602,0.490930641926,0.472186422908
INT.1:0.604900814719,0.706432040461,0.743816175386
INT.0:0.495328828394,0.3505249355,0.297266670042,0.455431000082,0.3443584651,0.806133826254,0.313149687825,0.344481559768,0.896462296927,0.182804989996
PWR0:0.66050213576,0.497331548068,0.133072456826,0.425983035482,0.498059103873,0.812839630562,0.590267713375
PWR1:0.556582356481,0.284406915057,0.598060939665,0.232608598717,0.610310936064
PWR1:0.658175671673,0.346371445965,0.440325914464
INT.0:0.620492157436,0.232166692205,0.444238508784,0.96056540805,0.120742859619
INT.0:0.57424054135,0.471273690465,0.307468602917,0.632571238338,0.630687000143,0.671091701756,0.925624300176
S1:0.123351580947,0.730390054043,0.630537168556,0.490722836329,0.847244343056
INT.1:0.524508985404,0.29666758789,0.342129052139,0.309651397605
PWR1:0.804153441907,0.707681145886,0.536434864029,0.236330226449,0.512364877964
S2:0.447736988433,0.772301405805,0.724625439349,0.629999451316,0.359352847885,0.554996645095,0.61852455559,0.183375614995,0.283326372765
PWR1:0.619085752875,0.343752099285,0.507519020103,0.0918846660804,0.778227626225,0.480424029367
S2:0.717383633349,0.157188569808,0.539127715211,0.532043857749,0.343362012022,0.481611833279,0.873777206228
PWR0:0.208181617581,0.431268000145,0.357448671725
S1:0.483900126497,0.462718005572,0.412602764825
PWR1:0.809404942383,0.535440009772,0.656423756266,0.379343504377,0.414539680897,0.626119735276,0.364978196368
S0:0.638286265943
S1:0.431063195811,0.59123730751,0.770092259316,0.189063045913,0.515986832867,0.356841873024,0.598129090332
PWR0:0.332414227852,0.824448063744,0.518427349954,0.779310624086,0.554340515552,0.661360712248,0.617177548834,0.369283446078,0.456458863406,0.237238563191
PWR0:0.594238702248,0.206730820606,0.718445952271,0.499423356462,0.583112178844,0.756810927426
INT.0:0.367054634559,0.322072917702,0.540933922314,0.418168378985,0.558448365483,0.416202892021,0.184588272465,0.883903759687,0.510326257854
S1:0.45230403467,0.733381731954,0.682859565653,0.432946233951
S2:0.416549505328,0.513030448252,0.497393967459,0.254894364908,0.469011409575,0.364331889593,0.487415885609,0.716829156956,0.23123712732,0.478067020063
PWR1:0.0591941999507,0.688316199648,0.688698492557,0.502154215589,0.565805434804,0.453323531926,0.314760163833,0.48446667332,0.253089759473,0.736323590234
S1:0.295018476335,0.490182494324,0.471031326219,0.304395621903,0.666742285244,0.617351670775,0.737061916438,0.238024128953,0.493818751613
S2:0.889112485045,0.390216753009,0.826931105883,0.727815802351,0.813429852427,0.6307308994
S1:0.525448320007,0.298914812631,0.813443656163,0.226120698284,0.579108642875,0.654712728921,0.660665760999
S1:0.6077108717,0.421301511042,0.740474556788,0.208279160647,0.397540469058
S2:0.280866416474,0.105215439285,0.633265637171,0.583450183905,0.555275538484,0.766816527855,0.425485256205,0.330632713716,0.705191130718,0.674920248332
PWR0:0.412868142394,0.838078518302
INT.1:0.241322065734,0.878323238185,0.533318509646,0.696063088501,0.200538400774,0.237328785981,0.476428131421,0.0593497093326
S2:0.312735420147,0.634205281682,0.380309366908,0.488051703593,0.683611434725,0.747915809089,0.394379949648,0.613026235977
INT.1:0.543999216009,0.617947926723,0.243502998623,0.362705212217
PWR1:0.13260898235,0.240422496373,0.585177537021,0.4086399602,0.238011857133,0.637406707524,0.66168842613
S1:0.352170215231,0.328188765321,0.378662258886,0.139330284884,0.606094215949,0.222657135872,0.630029232484,0.778024234741,0.328940642752,0.671610959082
S2:0.438522235768,0.248269760749,0.667852475218,0.495209481797,0.297339605419,0.56632704579,0.13129855688,0.391165856127,0.355390529942
S0:0.624811417555,0.587746762985,0.636487007089,0.406676337928,0.603866213004
PWR1:0.614361998278,0.613658094602,0.450071844931,0.596616738835,0.215801213167,0.614838126357,0.475111588822,0.940338005258
S1:0.675797642117,0.874847183634,0.53472848283,0.492419022643,0.446160116844,0.0916306746558,0.424902927863,0.622476898427
S1:0.601846832379,0.068513255033,0.312729281489
INT.1:0.537493453977,0.509120195261,0.926995800915,0.235602766922,0.423201302528,0.542868522644,0.342531176735
PWR1:0.686234181123,0.293094878064,0.364315322672,0.524420507164,0.613573029477,0.469744139134,0.464245406659,0.586922038711
INT.0:0.597401331231,0.542799141249,0.411029243909
PWR1:0.832813124247,0.854901170095,0.153712473862,0.531920421615,0.229138166858,0.496454032105,0.396932421008,0.52995923208,0.492171863556
PWR1:0.60131865911,0.239907742011,0.629125375009,0.346669427044,0.465739307819,0.470021773562
S2:0.616231550371,0.483070763588,0.262639960134,0.43621769783,0.590131418222,0.480065631091,0.637823196213,0.284184817759,0.0205121429056
INT.1:0.757233420394,0.776485289095,0.426168587204,0.584026958046,0.463289593682,0.537627552722,0.43800435313,0.60761224031,0.234659858773,0.785371161467
INT.1:0.964813479327,0.543088308807,0.424381913052,0.363896588368,0.245416655098
S1:0.453896807672,0.618540629418
S2:0.0641842676717
INT.0:0.522186725881,0.313626659182,0.539456068619,0.545908628827
INT.1:0.183287498696,0.604505735802,0.393449597852,0.590323334179,0.484104152034,0.63923920752,0.207241613845,0.668498072948,0.667339417572,0.492707948481
PWR0:0.753816940609
PWR0:0.0828431448181,0.455953223392,0.763435060299,0.516922635909,0.646078536288,0.70333523297,0.578240836876
PWR0:0.248024315586,0.103653279027,0.299336261347,0.41899386773,0.924185072221,0.953907386257,0.500662729705
S2:0.489763652235,0.539998855551,0.458340611683,0.205814677635,0.18903511294,0.509665599583,0.541147407195,0.38595917387,0.933572554314,0.189285183993
PWR0:0.843826666931,0.558167793117,0.331244484148,0.199611601854,0.358236612034,0.341065843324,0.425906352488,0.391432442646,0.783685129874
S0:0.469627808074
S2:0.376795339518,0.698423431345,0.523590858849,0.909078054023,0.602129167094,0.588736017106,0.538475381121,0.366257388283,0.160405267514,0.365014559667
PWR0:0.617111681748,0.63843628581
INT.1:0.128646516735,0.328470475678,0.779395837799,0.707330929673,0.62301218841,0.744733750671,0.675662533465,0.439796965213,0.30660640804
S1:0.801571344365,0.705533124717,0.495997808312,0.335980584065,0.508793435146
INT.0:0.172679936118,0.527258363867,0.538122025839,0.272979201518
S0:0.541035450826,0.489661762719,0.249027052374,0.55875109322,0.588991399707,0.160058631101
S2:0.745779246133,0.234485626467,0.459389629739,0.640420689393
INT.1:0.442043531859,0.226951086427,0.108577951508
S2:0.912044017549,0.484658493755,0.570923587136,0.411547254027,0.490083929851,0.549464734294,0.785358723288,0.359528552229,0.392804751119,0.484908565459
PWR0:0.652502547022,0.300945899905,0.413564541648,0.761743635352,0.654393834446,0.633803367254,0.241062393015,0.496531585952,0.325038104857,0.381300528247
PWR0:0.499226756824,0.740247251806,0.288966084131,0.596299392543
INT.1:0.523279279706,0.688204462899,0.649389395968,0.287906486226,0.342262228151
INT.0:0.314158735018,0.287552074796,0.840419865593,0.634577830813,0.567736061886,0.647940956375,0.542655372298,0.416198457322,0.133766740048
PWR0:0.709690489744,0.783769314885,0.167607199469,0.50173387738,0.484766269428,0.25792084433,0.719682265815,0.884640984409
S0:0.716144122932,0.613974075406
S0:0.476179040221
S1:0.153029369739,0.428328535409,0.654837554605,0.463910338799,0.573261754083
S2:0.929357778524,0.203354907447,0.2101223685,0.384691187067,0.641035385713,0.821986755907
S2:0.692297098537,0.657742605817,0.134885354433,0.145963481437,0.232921459947,0.0594433137905,0.576090374465,0.636086976152,0.420198674601
INT.1:0.617871330885
PWR1:0.282600078033
S1:0.544295683635,0.392023255138,0.390074809018,0.1387851231,0.609770179927,0.423735332268,0.100605589839,0.29731218371,0.447423149898
S0:0.569808025311,0.681922864785,0.503106456879
S0:0.487895616977,0.685644311397,0.43077321458,0.410448225124,0.275357524454,0.611938153476,0.621501280271
PWR0:0.489169263977
PWR0:0.78477622749,0.5959199379,0.629659458246,0.423876327047,0.417440618957,0.257053281348,0.344453220062,0.471429905709,0.499117144659
PWR1:0.66136816275,0.371521042036,0.521256069273,0.727210203099,0.215296442848,0.855226637219,0.412472104034
INT.1:0.562525925252,0.516244187422,0.608976517104
S0:0.179256455953,0.654503489311
PWR0:0.209834479223,0.48742822862,0.551059888432,0.159848925245,0.760559255189,0.475784069787,0.475278048997,0.693150498078
PWR0:0.285478660315,0.573082281887,0.862614528231,0.608767886589,0.651370662282
PWR0:0.930258504129,0.287068908433,0.952556507209,0.871614016788,0.518896381177,0.839341942889
PWR1:0.829526643832,0.495840599217
S2:0.717824130358,0.314225449214,0.409376813168,0.333071223053,0.802141975441,0.416356854706,0.404814273594
S2:0.202980867213,0.190146317498,0.847655341397,0.789372380056,0.416024121107,0.459420171824
S1:0.630776155805,0.542699948595,0.461941023221,0.635222923561
S0:0.378634509408,0.449661867413,0.789754923643,0.618932830027
PWR0:0.383706473782,0.310678351491,0.341155174226
INT.0:0.840224509509,0.546915889038
PWR1:0.257454010315,0.432428752906,0.736380664683,0.615467609795,0.555104217282
S2:0.897994865498,0.48880037413,0.5603308512
PWR0:0.571625942903,0.477938660866,0.318432058382,0.177153587164,0.463088230371,0.384046713042,0.466073002712,0.522699614051,0.376401124285,0.781951962197
INT.1:0.487661798254,0.578369369506,0.67330971848,0.701444354935,0.215170171287,0.585182703285,0.760686216967,0.691720484424
PWR0:0.527727997376,0.536740243864,0.216795375349,0.271952825051,0.607825476148
S0:0.402305723681,0.458647036957,0.519205751163,0.129804919674,0.49142967098,0.767572572889
INT.1:0.243839632167,0.854833802656,0.828921921058,0.651444183682,0.0354943106261,0.279060230982,0.509379493361,0.921175055713,0.354439968463
INT.0:0.59538223618
S1:0.284023978203
PWR0:0.135819613401,0.620524877372,0.410813836461,0.229836064105,0.194079113051
S2:0.610795482348,0.353299162215,0.00908890636326
INT.0:0.431054909775
S0:0.59376690086,0.165666177429
PWR0:0.730729393058,0.175024226007,0.804800719955,0.625890864668,0.651313308455,0.762346161829,0.733045801607,0.633468204263,0.413442407964
S2:0.387161374477,0.684750408746,0.630668329582,0.553913617134
PWR0:0.712262755192,0.42780742545,0.575231935471,0.0644945659061,0.871761260732,0.629809260058,0.652333099887,0.565416013783
INT.1:0.548925005261,0.398037157337,0.576694059283
PWR0:0.402146184034,0.385895097103,0.458400955279,0.277227719842,0.526792854339
PWR1:0.107373823047,0.5680141066,0.499858004013,0.356881873049,0.507279894636,0.740447665717,0.764365684773
PWR1:0.593402176862,0.216822343587,0.553558701497,0.44168743773,0.757963067844
S0:0.342187763851,0.487192069901,0.714697994673
INT.1:0.710127015994,0.788298204682
INT.1:0.71543124262,0.120992594747,0.534769788525,0.298558771479,0.467873315518,0.468920142366,0.567059685625,0.37573960226,0.628536734064,0.597157088945
PWR0:0.244132961039,0.112138249798,0.372506214959,0.646928240582,0.662223763805,0.705401557509,0.722571170844,0.651044105299
INT.1:0.643716624062,0.77596670113,0.736893667172,0.440529049618
S1:0.794508199439,0.682894554474,0.424788397168,0.903021959764,0.305579933649
S1:0.58119117699,0.487661513155,0.45338071543,0.218162528793
INT.1:0.739033464832
INT.1:0.5902087228
S0:0.515354729429,0.799694802075
PWR1:0.61710179216,0.49068966914
S0:0.552451418763,0.19638979095,0.350612436437,0.500332165417,0.632461347483,0.69283050124,0.269784743926,0.381397080039
PWR0:0.808003066558,0.323014931412
S2:0.108840216798,0.698740152963,0.637203798974,0.666381706041,0.414445108695,0.781672541099
S2:0.455642280655,0.487011666183
INT.1:0.164654952007,0.570930565117,0.141603111973
INT.1:0.720052679108,0.514394334953,0.71346224238,0.243851655475
INT.0:0.230330232762,0.165118600146,0.877942306513,0.790849464192,0.0600948437034,0.132663955637,0.444713763907
PWR0:0.40994581308,0.784922764835,0.329777201232
S1:0.0784159676442,0.317422288998,0.667527193715,0.454841251365,0.403123483209
PWR0:0.599481694986,0.446023875106,0.82553280574,0.575289398583
INT.1:0.923878734917,0.322475695962,0.179870330882,0.382915324264,0.521130428404
S2:0.704092175638,0.177408025055,0.674549972351
PWR1:0.500591265325,0.348753363563,0.0773986335257,0.511078699218
PWR0:0.53327643384,0.28839732438,0.521905443832,0.656049425119
S0:0.522135368861,0.672731434432,0.857965673927,0.561909868885,0.290133751028
PWR1:0.457574911971,0.53580755783,0.479324938855,0.234739603589,0.386323645157,0.836511636927,0.981032052074,0.773882826737,0.162429574273
S0:0.831668065806,0.237094626585,0.252999221643,0.700336889635,0.768486622184,0.485533020144,0.56021439562
S0:0.602262256236,0.967089418835
INT.0:0.526833760775,0.173123233442,0.319976653231,0.337199957612,0.482381427238,0.276189367499
S0:0.964716688148,0.564163796198,0.161038715861,0.214640037879,0.0506387768289,0.486908533753,0.600095127565,0.810245830118,0.268644903688
INT.1:0.406784902968,0.672273065721
PWR1:0.641455625865,0.564326049751,0.228798258069,0.668645427588
S2:0.64780754694,0.123743827044,0.817247065389,0.501749623403,0.182294252069,0.322166194756,0.583437999217,0.832669706045,0.0715751149552
PWR0:0.830240662908,0.506012598437,0.435560196534,0.733005084165
PWR0:0.317717128249,0.547221704224
S2:0.643963774353,0.126201248946,0.591385028243,0.247408219384,0.395038607934,0.434247247456,0.173447392356,0.398730599238,0.409664235431,0.449957790816
INT.0:0.324726679877,0.596324911624,0.13117990072,0.603634065279,0.85060701092,0.419720605228,0.82978199622
S2:0.490224775571,0.523762270279
INT.1:0.397425350966,0.192866966311,0.496190886671,0.818986240573,0.153268265817,0.273817577606,0.159335802465,0.343921396378,0.645600201606
S1:0.301994973204,0.25944333823,0.66829518421
S1:0.369528187908,0.824737078341,0.789815269889,0.560461866693,0.708361092315
PWR1:0.378753159713,0.724771714098
PWR0:0.51994676176,0.541218977514,0.931787780767,0.596336401189
PWR1:0.457207081626
S1:0.334218589236,0.434318511388,0.439885187569,0.371191476296,0.254990208663
S1:0.464479861828,0.14595288206,0.384695648258,0.742960078359
INT.1:0.640547143073,0.211989465377
S1:0.145299475729,0.651584783574,0.762493565183,0.50842309413,0.783712648856,0.589340500262
S2:0.270799039748,0.585669463778,0.116121331019,0.162472181145,0.326709312231,0.2867020612,0.530764154101,0.89432759042,0.805072517089
S0:0.673067125129,0.305788432202,0.707329926101,0.174311990353,0.779020412554,0.77930597759,0.514327109879,0.341088079677,0.526148547921,0.258542097031
S2:0.378089942464
PWR1:0.343414475855,0.418702130539,0.880052409727,0.41391659011,0.903835168378
PWR1:0.61550878382
INT.1:0.338418285416,0.930070948928,0.47471195,0.242681846173,0.392140615762
PWR1:0.630859498656,0.478875072697
INT.0:0.656296834483,0.311181326151,0.304302838228,0.355426797653,0.36258159481,0.289021043284,0.415087744477,0.62603084182
INT.0:0.348958763246,0.372256480869,0.591989108215,0.445512902158,0.470833342514,0.570004393351
INT.1:0.665919864066,0.486143922575,0.30826652265
S2:0.236537451442,0.325347323574,0.355125574705,0.508798811148
S0:0.674370273419,0.1168047334,0.526422521821,0.767017255201
S0:0.368237964816,0.658833504929,0.396686252862,0.772045624224,0.748336133602
INT.1:0.689044022003,0.309739235394,0.457872552753,0.302012895998
S2:0.601859477021,0.446379400801,0.536778831563,0.279633693318,0.105371367996,0.477269362213,0.707402832353,0.087694814586
PWR1:0.501635762672,0.476892781486,0.68436053515,0.295256762567
INT.1:0.17055200861,0.478355405801,0.404763715405,0.533971450744
INT.1:0.422498735941,0.0971850222008,0.543034673318,0.813052186416,0.778180543488,0.600013781945,0.463047233941,0.457174973873
INT.1:0.571512113863,0.250448799,0.87958452753
S0:0.302797096863,0.829627181082,0.444081875698,0.798308591648,0.359364529873
S2:0.849631603393
S0:0.831667909108,0.60572437694,0.330100729463
S0:0.292452992107,0.721734019595,0.550805407098,0.721886244638,0.328972480424,0.532839866265,0.630108751217,0.35013148133
PWR0:0.385546725121,0.559660543719,0.604885270471
S0:0.416464201844,0.585943561726,0.193488383568,0.265652075047,0.783247302466,0.606448821497,0.706299004903,0.291381859916,0.326431017772
S1:0.374019740029,0.918691367511,0.744534474002,0.608710817154,0.547574674717,0.100207306632,0.515413526728,0.878070503485,0.496169510824,0.0948996246016
INT.0:0.45452485743,0.170842087819,0.457110855029,0.46423230489,0.464413463681,0.55913963686
S0:0.0738762973123,0.354598555099,0.880681041075
INT.0:0.591496302653
INT.1:0.421685422796,0.501858526222,0.674289766194,0.580375803317,0.729335965531,0.368327568564,0.49168671329
PWR0:0.426080538007,0.527844554595,0.144220855113
S2:0.635696823664
INT.1:0.219638354847,0.393229543567
INT.1:0.34264110237,0.267342520147,0.483167664769,0.55539702639,0.466208635214,0.416718589794
S2:0.460886219005,0.789969828618,0.326746510933,0.158011902374,0.296119070526,0.299134051081,0.522239839205
INT.1:0.581529653505,0.426936775711,0.521465829958,0.668776067332,0.90112223448,0.0751330927107,0.710931995121,0.578907280173,0.786014076004,0.679856988948
PWR1:0.582327501246,0.223208780949,0.743378582116,0.386423977634,0.754286304534,0.561872859388,0.596173135618,0.636165195108
S2:0.789161385619,0.52645838356,0.399846270689,0.48651263959,0.60673082707
S2:0.541478049215,0.248082168001,0.615634371904,0.627421884505,0.626706696024
S0:0.635152376586,0.321211924366,0.436159547003,0.223274565159,0.326995625891,0.736727687702,0.291255486306,0.497103793511
PWR0:0.843666880865,0.457593596393,0.822557379889
PWR0:0.603461092612,0.541293865276,0.424184817621,0.654727481948,0.638652535913,0.655246408124
S1:0.465367823876,0.434911811941,0.495069059908,0.90891383366,0.205109186701,0.591553342218,0.748468708175,0.605145557447,0.278916525122,0.456630634789
INT.1:0.553733527517,0.49458790863,0.271424378871,0.644976582819,0.368592880226,0.358766575838,0.378939767553,0.400231216825,0.254192304177,0.516645368535
PWR0:0.593501925839,0.291942677342
PWR0:0.367154045047,0.500027398451,0.53818540099
S2:0.397980930369,0.782741891057,0.717614472786,0.644275334284,0.805397671388,0.684749004601,0.410772713064
PWR1:0.465625617066,0.248201686473,0.413393600726,0.131406107433,0.637099314696,0.44029370278,0.920102509778
PWR1:0.706251698374,0.186459559914,0.674513559475,0.4600886731,0.658837543799
PWR0:0.591560345652,0.222913888887,0.230414362845,0.32314300303,0.67933098034,0.387763307012,0.51681702213
S2:0.598785974249,0.584282142134,0.593131639464,0.557551450103,0.254597442091,0.549677507199
S2:0.273209021077,0.422029085246,0.348649616579,0.390932998552
PWR1:0.669364065124,0.319792598611,0.483302951924,0.593214971,0.435936321658
S2:0.751918106973,0.262727006469,0.550291858201,0.906347798581,0.565582987007,0.606749996409
S2:0.655483488561,0.50098946406,0.25244087904,0.346186623865,0.361296070013
INT.0:0.395984622238,0.542152561179,0.136657109662,0.625903417806,0.422375116471,0.392793484818,0.261617151284,0.730145523609,0.65057907729,0.385829391007
PWR1:0.596924711408,0.28024174614,0.213614304795
S0:0.841528216011,0.743299329859,0.629370991636,0.370113114515,0.758714187567,0.398176284905,0.459667837676,0.296917878118,0.397490296603,0.397585061059
S2:0.24847683775,0.208608959994,0.546550796877,0.621119161592,0.355195072095
S0:0.623348085429,0.502943035695,0.801225018302,0.555337375292
S1:0.373766243243,0.759677065252
PWR0:0.815653451079,0.690344276359,0.860646025219,0.45911643071,0.666334488067,0.459641803123,0.536963218787,0.487427179073
INT.0:0.691904889397,0.465280542152,0.455759803511,0.653532351249,0.437762551387
INT.0:0.524334201067,0.287370409655,0.626754416616,0.462971104088
PWR0:0.451848920474,0.13669022765,0.4167567857,0.666029739938,0.481653274372
S1:0.119131556463,0.62841412093,0.729231840364,0.486731439417,0.194894178967,0.318107838226,0.697260211791,0.526056643339,0.568749905578,0.790643221584
INT.1:0.546009487251,0.636837110657,0.45666233509,0.528341716754,0.564182006283,0.128810930584
PWR0:0.663978638218,0.880457303516,0.921911432312,0.736735451173,0.40450317341,0.58214707879,0.411955692904,0.404398549836,0.295588152946,0.872641557189
PWR1:0.635471682889,0.254316348578,0.6254362762,0.281838619763
PWR1:0.315304021585
INT.0:0.192589444425,0.759876097932,0.544352952301
INT.1:0.152468744835,0.246489393416
S0:0.419279340567,0.16197388256,0.237048691193,0.528575671684,0.605775468232,0.582893337423,0.780284017237,0.66232938867,0.447283028921
INT.0:0.56434991755,0.281148189876,0.585207900051,0.0608561686084,0.470761013732,0.81469933199
S1:0.355742503547,0.361340379427,0.282893448238,0.330083023792,0.548539831998,0.612091921216,0.49375330746,0.5797405356,0.329240934173
S2:0.62629492302,0.505687355573
S0:0.690844552059,0.801525757537,0.426659653343,0.756412149083,0.814058758886,0.456650677452,0.781502022187
PWR0:0.292437693121,0.905557190405
S1:0.313861818867,0.149254148039,0.514220409406,0.501610776978,0.809382968395
INT.0:0.622272376994,0.756981866859,0.677850806793,0.237591477554,0.295285227183,0.825243230101,0.274777920822,0.100608663179
S0:0.23232438468
INT.1:0.343315399656
INT.1:0.85780029067,0.343792050804,0.742094065462,0.692990669242,0.191440938908,0.300666902107
S1:0.943103108217
S1:0.39703763436,0.76041923052,0.259564151466,0.271222815466,0.764790418906,0.876951278687,0.160972181786,0.341600726925
INT.0:0.267379045526,0.52189153242,0.473191348316,0.757926216747,0.683232940436,0.893297278628
S1:0.838818740038,0.543704275208,0.561148804874,0.534180393343,0.221266027791,0.693027434887,0.277053868844,0.371025348619
INT.0:0.253298150376,0.598877678535,0.741395575714,0.648439732626,0.75853632124,0.520993818798,0.486430638825,0.287760879126,0.275295289106,0.608142845108
PWR0:0.301867887057,0.439581123749,0.317707509647,0.37053063557,0.411295103885,0.418999280673
INT.0:0.297745254826,0.691474727218,0.251756221404,0.230611400437,0.191156343836,0.32791119756
S0:0.577784564937
S1:0.432969686519,0.0551267846856,0.378790032148,0.606624520058
S0:0.634697614284,0.392991048075,0.276640151798,0.51264266119,0.454158382093,0.825962848077
PWR0:0.598723549613,0.2506207035,0.471374671213,0.477828204711,0.328402138372,0.263739250483
PWR0:0.445825980882,0.743854905863,0.564749887006
S0:0.661879752544,0.539764741,0.727366487688
INT.0:0.654724284264,0.705718915311,0.663446884965,0.25344096757,0.69938197573,0.650516531224
PWR0:0.673390382256,0.518855913642,0.744951466045,0.471615285211
S2:0.704034927256,0.477773421213,0.627410276826,0.734504001423,0.717319521732,0.502732481091,0.625388533396,0.685262044553,0.692786346754
S2:0.0983397806142,0.739986631723,0.535545434184,0.408576118164,0.24030225304,0.715744250796,0.441480770784,0.341439908851
PWR0:0.608031119306,0.613956760885,0.236302602119,0.169134415483,0.467359136009,0.796796271593
S2:0.452261305347,0.344828731214,0.533836022375,0.226947654405
INT.0:0.594684219062,0.714094553159,0.604384112648,0.592898020489,0.694388988766,0.618723223267,0.868585350556,0.750016733792,0.389592929119,0.463065335523
S0:0.557236534549,0.854907698983,0.57541385374
INT.1:0.497400756774,0.383416161733,0.778415671873,0.721220942805,0.432139349518,0.664632551238
INT.1:0.742280241908,0.410853636359,0.434525507376,0.78818149224,0.543281778332,0.514268396835,0.490482846911,0.320496881482
S0:0.912909073803,0.543799170687,0.403953085361,0.402750677106
S0:0.886294318131,0.819947787658,0.362328364067,0.819736317862,0.785759303392,0.644606413351,0.842358512329,0.322913602795,0.751222726158
S0:0.45004902746,0.392399378757,0.47739470357,0.583862310668,0.480103620088,0.42217950291,0.481445317126,0.229127322252,0.336181533082
PWR0:0.226221977704,0.0750067229906,0.215365143222,0.592485927338
S0:0.655261707371,0.837655770274,0.648053789265,0.452515959656
S0:0.17684553843,0.787962786335,0.0957257320148,0.546978639835,0.465712733936,0.373080974029,0.484645324686,0.453097604234,0.568522193294,0.580637977509
S2:0.447308794294
S2:0.348112163239,0.3405629663,0.475387279928
INT.0:0.892317149175,0.310214019101,0.66895729521,0.356259372025,0.447925827373,0.405622000359,0.318045542456,0.198115239957,0.372640003289
S2:0.417869515602,0.275582417172,0.488573714052,0.207731156959,0.859444631259,0.569038814966
PWR1:0.719761095135,0.29447566114,0.270637635104,0.932434360886
S2:0.539305030136,0.621818399188,0.534147825725,0.32482219567,0.344593860223,0.361682413367,0.219362105958,0.553170948399,0.765687338891
INT.1:0.795348019955
S0:0.445517540408
S2:0.311258463813,0.253569285374,0.554086272101,0.336245093025,0.41069564201,0.541263522722,0.773960474757
PWR0:0.479724241585,0.612126047782,0.262733557432,0.546913038815,0.459737615232,0.687240845964,0.0424672381705,0.422037926288,0.487643361553,0.332473338376
INT.0:0.180171315269,0.757107837243,0.668253253798,0.854791637507,0.0219171598316,0.611951693772,0.474688794795,0.275135534371,0.512470425942
INT.0:0.44617273379,0.288582470714,0.231035035813,0.519145391014,0.379758064671,0.351646047635,0.554487579239,0.761365199798,0.31572479089
S1:0.531896301633,0.495918671836,0.0278797662057,0.573881624502,0.540514565751,0.833403395969
PWR0:0.306471746816
S0:0.765876190632,0.373705699702,0.295876017564,0.334854568478,0.823306154507
PWR0:0.214875614705,0.406555996503
S1:0.563591291451,0.671181764589,0.395045715066,0.409438506484,0.391317522863
INT.1:0.358881178647,0.196933902838
S2:0.179330941453,0.308741051521,0.451507109005,0.527184550236,0.412555824856,0.667845820416
S0:0.207662343657,0.773864961264,0.233804431771
PWR0:0.0815167742741,0.672917393974,0.212028980654,0.330947893656
PWR1:0.491168506391,0.269318029721,0.478481892143,0.438196968704,0.42045931359,0.244750665173,0.405032587614,0.52358111314
S2:0.580499412861,0.46943167278,0.837738082968,0.280154195066,0.194804792326
PWR0:0.817030327024,0.784090170976,0.246745551356,0.43456239073
PWR1:0.478583533282,0.381962533746,0.755179434609,0.445815573233
INT.0:0.715604899245,0.338752424671,0.777745729771,0.512261084557,0.727440483736,0.671469278546
INT.0:0.920588803679,0.889663770802,0.808134680019,0.531833879504
PWR1:0.478993846067,0.346844813345,0.123795688137,0.142942526575,0.59091508171,0.321759336048,0.510036954765,0.265317613444
S0:0.898292129547,0.725657971438,0.0973233766795,0.965682110082,0.381378644028,0.397758571373
INT.0:0.535909446476,0.21751062689,0.44877524543
INT.0:0.374272068753,0.468662793853
INT.0:0.375175188767,0.714161961919
S0:0.317784727317
S1:0.760662637881,0.19514550868,0.596857503457,0.205655148012
INT.0:0.718933679024,0.418913592722
INT.0:0.10939127613,0.614329660582,0.686275322654,0.118944529119
S0:0.306038226601,0.895277934826,0.885039037056,0.506719265083,0.38162729111,0.662673497104,0.770140288267,0.408107374528
INT.1:0.458391078299,0.809846676203,0.441759667381,0.610122700325,0.383878872548,0.575846980241
S0:0.260379738649,0.0524879071923,0.487697646952,0.277423613973,0.627112696078,0.279944569849,0.565059341089,0.467557449395,0.645608825025,0.777797474476
S2:0.265994817151,0.809082149914,0.130688393094
INT.1:0.489202262611,0.467096083998,0.55098852401,0.0571555430492
INT.1:0.584142279608,0.41009344924,0.587223502009,0.851202541098,0.621868527456,0.169249231442,0.293322080843
S1:0.918999918172,0.496268054513,0.662664969859,0.57118028676,0.495064213337,0.409775257358,0.523417021592,0.705155165349,0.48282688669
S0:0.459598079001
S1:0.289541095982
INT.1:0.641205792462,0.303652678944,0.787260195048,0.472685231581
PWR0:0.915748707894,0.824740864181,0.623725466223
S0:0.773497016056,0.52697419236,0.618323984853
PWR0:0.678241384428,0.71887079588
INT.0:0.64087270914,0.410154971145,0.57067846131,0.352803000853,0.341967801699
INT.1:0.565056986531,0.363562730689,0.410956552721,0.312644194918
INT.1:0.0901329236195,0.506878809273,0.193971511992,0.198069755692,0.548444149557,0.328568723766,0.427307174608
INT.0:0.38692936655
S1:0.417463321419,0.642612951664,0.398406998036,0.337296911496,0.444581278995,0.554458951269,0.283864228984
S2:0.17115188111
PWR0:0.632077732003,0.759656685111,0.321906697775,0.42358390775
INT.0:0.528566615607,0.317046636053,0.336991376207,0.618511528695,0.639660204049,0.741404349729,0.550899974265
INT.1:0.60650866119,0.555894299098,0.926936989946,0.674671713642,0.428437321128,0.451015609685,0.428386240298
INT.1:0.403807294548,0.477177661368,0.75276678207,0.516573155186,0.363861938772,0.6869435521,0.540702173789,0.475022664209
S1:0.371423683728,0.365324574366,0.301925422759,0.715762743202,0.323974683808,0.262608528205,0.504385965485,0.922833606358,0.261848556053
S0:0.748489983632,0.255209477268,0.115270260394
PWR1:0.48792532392,0.706588963904,0.355853445884,0.333779003437,0.562489035413,0.38277284871,0.83484861961,0.181852577518
S0:0.22028852359,0.256524181643,0.578186984915,0.498118755853,0.413715854532,0.455662311222,0.4729584771,0.47552539204
INT.0:0.382437352949,0.187538279045,0.981567628107,0.583630877828,0.813418511074,0.554122590888,0.240477537721
INT.1:0.832864362679,0.536610331315,0.135991791819,0.696427157675,0.350029244318,0.481631192976,0.557092730706,0.672093190627
PWR1:0.345578708846,0.663990270301
PWR0:0.417769333203
PWR0:0.463457785021,0.728310613236,0.554263650649,0.347324097048,0.469520089334,0.624228758651,0.397290841969,0.408832946683
INT.1:0.592518958953,0.439697830622,0.397752225425
S0:0.536670042227,0.248418505037,0.433059428279,0.611522412772,0.0138854232014,0.659556045455,0.339040197297,0.232640849102,0.302215878136
INT.0:0.250520468173
INT.1:0.427113483388,0.262008144752,0.615339349249,0.707841138805,0.709120406154
S2:0.165384569553,0.76227128766,0.337217284536,0.578253177044,0.431768954864
INT.1:0.392989136816,0.17184754836,0.797741658594,0.748166887631,0.78716694749,0.676793815008
PWR0:0.635227084927,0.522419247926,0.949091603196,0.582352986221,0.448030549305,0.407870307766,0.388438056634,0.604722285752
INT.1:0.575748971666,0.786414275258,0.419168427113
PWR0:0.448508564311
S0:0.515393903982,0.66513048322,0.346105421015,0.610633794367,0.58539978324,0.147178643603,0.607829844234,0.273004612653,0.791236216422
S0:0.380912262105,0.316703677154,0.765848333099,0.289384268473,0.524947335401,0.175291587439,0.405414556923,0.377007550296,0.758811412122,0.418680039061
S2:0.488296974548
S2:0.670048073997,0.926315529264,0.747112143634,0.447756350677,0.419338746091,0.484942578697,0.362494821369,0.971487872678
PWR0:0.532902050291,0.608289518466,0.533945014401,0.648495249788,0.673089210688,0.548277248869,0.729581074255,0.262860953178
PWR0:0.750830693319,0.516460848493,0.439894985436,0.368338528649,0.490655806174,0.0697333246619,0.163785538679,0.311247484206,0.717466156637
PWR0:0.434208502131,0.631420249669,0.581382343938,0.417340294705,0.345557697954,0.516365532424,0.346615410935,0.451595872443,0.615213889651
INT.1:0.784449327137,0.420014399848,0.632187760978,0.608933512452,0.436062265139,0.533552051213,0.497748820264
PWR0:0.682139610628,0.270470160351,0.425772985569,0.508269233856,0.473847846331,0.950255396612
S2:0.725337882603,0.554838445222,0.895714784316,0.484534518416,0.555224482091,0.326823327743,0.842117657101,0.394004957484,0.455130121336
PWR1:0.428804921007,0.353072044413,0.641559205442,0.874541896261,0.252051686071,0.313952148449,0.793058582208,0.639704845417,0.327853624565,0.533057904153
INT.1:0.302420321406,0.497503077832,0.863073292077,0.88153188267,0.419985987383,0.252674369364,0.932060034927,0.699382307516,0.805537642754
S0:0.585291230981,0.501033230767,0.619669090672,0.216154279465,0.443509763751
S1:0.89108660728,0.470704358725,0.61447264127,0.178965839606,0.680857644016
S0:0.551544312749,0.37907342065,0.457415086529,0.48798465239,0.882356221831,0.31194755668
S2:0.685470137465,0.464250854918,0.675264398384,0.464100637691,0.859621023988,0.948806099067,0.24762134722,0.735618731157,0.406045009804
S2:0.529053341891,0.329983926915,0.843549839258,0.666674013826,0.899055076592
PWR1:0.327744974345,0.782667745124,0.25185294864,0.698615070569,0.580455355888,0.588657077749
INT.1:0.729715263403,0.782226604684,0.721416812956,0.324367949421,0.313380144313,0.758034987375,0.17517838046,0.45827265297,0.835610066615,0.67283467076
PWR1:0.43223986001,0.802356148679,0.47099819606,0.548898167695
S1:0.567094498487,0.555123525999,0.402247364654,0.474524735981,0.645485738564,0.657292333598,0.63719009794,0.44031657203,0.86240899648,0.837642028695
S1:0.438235233541,0.345545748929,0.19059312616,0.321419519616,0.722220093413
PWR1:0.429815571656,0.262365335308,0.148762928818,0.117132269206,0.518198986522,0.546327943067,0.561120147509,0.687931067282,0.612403709479
S2:0.420278907348,0.155653792808,0.585652821514,0.589829366466,0.80068471821,0.222547713632,0.904713019042,0.587966559597,0.673820994235,0.453555309582
S1:0.753084859802
INT.0:0.40745960242,0.368469714779,0.656382344587,0.825512376145,0.383915670919,0.676779030777,0.633413369647
PWR0:0.795537259613
INT.0:0.462507948185
S2:0.57088762815,0.843566702399,0.232371583373,0.0669461853423,0.577918363549,0.860752154378,0.470432538233,0.051185450807,0.140491963692,0.305824502605
INT.1:0.296480140891,0.521361782864,0.669106712114,0.314083404818
PWR0:0.657818491672
INT.0:0.576730257211,0.490276791487,0.658173874385
S0:0.80467074975,0.416175535514,0.399478839847,0.659802567824,0.737172524751
PWR0:0.746927944339,0.21188074441
INT.1:0.655470742997,0.51798163386,0.34062705425,0.10211776859,0.206976218002,0.191184751559,0.618371427766
S1:0.373795493788,0.210525495417,0.934198428177,0.182490667881
S2:0.659712260377,0.5431070748,0.452134389275,0.604492226328,0.59603272407
S0:0.252044216413,0.57229514663,0.363316329076,0.446571057416
PWR0:0.451144052326,0.399722313476,0.698863008887,0.299448467397,0.233521222982,0.776817729991,0.700602858799
INT.0:0.483444964945,0.743655564762,0.945822599728,0.117308691396,0.636820199446,0.69867275252,0.485762688971
PWR1:0.442410966938
S2:0.883793463881,0.51128615458,0.393862914948,0.978308225664,0.742407089132,0.322711720992
INT.0:0.363746389843,0.526009458606,0.904004003752,0.210391153622,0.326850426794,0.541181189676,0.745371976096,0.311402839655
INT.0:0.404424958518,0.849859207531,0.657818575924,0.67681650951,0.462272889485,0.151438332577,0.846762649204,0.342015091561
PWR0:0.494660733141,0.607947948416
S1:0.668011036958,0.336812749344,0.545571088196,0.235076385206,0.496405578678,0.595163038507,0.681373927385
S0:0.651041168675,0.672394874687,0.386150963282
PWR1:0.620218454837,0.211557274756,0.423075594656,0.367246009743,0.267548962416,0.392456206099,0.358846931928,0.296283295857
PWR1:0.568490881039,0.235902495306,0.150939816581,0.687082858457,0.472206992053,0.401453726002,0.723000969545,0.776861452719,0.698812037527
S2:0.521550957536,0.440984819066,0.541926815597,0.587046392889,0.53154426836,0.488210057821,0.0133542783067,0.565966938227
INT.0:0.889119288619,0.578347586749,0.520933623841,0.487864652711,0.506348324427,0.46195502404,0.763052401693,0.393052498504,0.347179175156
S1:0.347107798459
PWR1:0.944251332647
S1:0.194089550412,0.74933508519,0.406907128716,0.654631478098,0.138276625272,0.841560958281,0.41821360215,0.283284649765
PWR0:0.34561778327,0.64662597914
PWR1:0.577609602858,0.726142519469,0.837224183068,0.478689187741,0.478461564251
INT.1:0.611120118341,0.783391829637,0.598138674614,0.386560515121,0.855160677091
PWR1:0.125833392694,0.31372767828,0.625446593638,0.314036248274,0.286763167596
INT.0:0.392574018714,0.188347780678,0.609071987952,0.625439402587,0.422564201445,0.335262844577,0.506596993286
INT.1:0.898865048183,0.73046474743,0.469124978176,0.603067825788
S2:0.495348903521,0.676706933032,0.858970986072
PWR1:0.413005106231,0.363846046797,0.533771538354,0.336209920091,0.89119113157,0.726069261086,0.917792137964
PWR1:0.862977770263,0.197988565929,0.737894250091,0.580873821902,0.569103680641,0.375675771703,0.458936280402,0.446359300306,0.35558390143,0.598537940726
INT.1:0.3028931866,0.291393884685,0.411914545771
INT.1:0.761011367024,0.695865687385,0.398967644604,0.356265041401,0.457767774247,0.893607506248,0.485988363241,0.267051751752
INT.1:0.30061292668,0.752240490644,0.74401527833,0.455186968973,0.354290737328,0.477750715469,0.31212112084
S2:0.464280103391,0.530494033499,0.50601129021,0.646416883786
PWR1:0.688375069737,0.520412314656,0.35826718082,0.211088038814,0.652683536821,0.102461850427,0.478480198658,0.234875687704,0.766998315712
PWR1:0.88580209833
INT.0:0.857195726735,0.522300380758,0.266871917709,0.815017534845
INT.0:0.522453181149,0.54633660473,0.581478036358,0.579131712968,0.93568994605,0.500241258489,0.566072245622,0.764443271456
INT.1:0.144181449388,0.428350107516,0.459211912647,0.6498433507
S2:0.285049036095,0.465702716314
INT.1:0.531737970825,0.719815866075,0.447537138927,0.655380750329,0.727088443349,0.396702740128
S1:0.744414775307,0.304415118519,0.598102550953
S2:0.228531095028,0.273994840407,0.661481190405,0.463747584905,0.559167507232
INT.1:0.652696022348,0.532117505556,0.657022632179,0.780091966695,0.507017395494,0.222749407809
S0:0.357879919116,0.728062724467,0.231229891564,0.758430946098,0.816558236836,0.375487538317,0.199379425156
S1:0.196861855051,0.22450716167,0.450178723804,0.439448847701,0.576800845615,0.393307686789,0.426081677502,0.648161272409,0.243367724184,0.418937563027
PWR0:0.280062504321,0.554189900845,0.748931121366,0.0480307120339
S2:0.144517663412,0.76426076141,0.394347889684,0.762053763031,0.810520999411,0.437348567717,0.347647105685,0.51328364233,0.394159415529
PWR0:0.338417834496,0.446131294679,0.40353417198,0.339900446529,0.615086959972
INT.0:0.52888995105,0.345109717455,0.640454215243,0.821843277591,0.718938921498,0.622950184129,0.711474585844,0.59035902105,0.870053564045,0.613540307
INT.1:0.760626368631,0.644958854462,0.504469235912,0.773627403105,0.381675707917,0.349261845934,0.511741447757,0.736694945822,0.778820676591
INT.0:0.501885201587,0.250015527749,0.673622316044,0.401619014013,0.40606716239
S2:0.0513851977691,0.360553128492,0.317625303621,0.600391973739,0.468507076931
S1:0.518997638586,0.40849037893
S0:0.603849188586,0.56045624267
PWR1:0.633359551343
PWR0:0.354537183326,0.916589067058,0.852192949799,0.364250491009,0.783736408522
S0:0.276634739051,0.167519663364,0.415323313227,0.655524462431,0.366241885531,0.301250683727,0.414112827428,0.746115335723,0.689869765873
S0:0.542170518045,0.747691057063,0.375846954849,0.56181105676,0.404654631382,0.479643609611,0.533779049288,0.425473104948,0.665895278583,0.512185509564
PWR1:0.420239900739,0.7869596056
INT.1:0.508329967666,0.813306520943,0.307484030437,0.402181511361,0.733571055127,0.216610955092
S0:0.673468063304,0.642473712347,0.0277394757669,0.658056077699,0.488580005877,0.707295238923,0.50009751398,0.470541350542,0.607124816166,0.781155294013
INT.1:0.590560357575,0.363936921031,0.423805079599,0.760326958453
INT.0:0.585997229198,0.508280349112,0.73577470885,0.393281714334,0.145656810728
S2:0.588164109287,0.422608992081,0.361222306303,0.243283207143,0.393362560337
S0:0.307756200137,0.569538622169,0.555313809512,0.399267490265,0.787675242494,0.392304371389,0.144496567221,0.486226518653,0.75254555764
INT.1:0.68522255012,0.253971910129,0.735026001443,0.330599829028,0.512448975031,0.42359710297,0.533710926329,0.661192284577,0.487757874639,0.534601002044
INT.1:0.356558584817,0.466586557237
S2:0.534228202248,0.561162485295,0.436690668213,0.531664854497
INT.0:0.787319519287
S2:0.438130208107,0.518349087213,0.597771516388,0.209295454783,0.613150707052
S2:0.579954410029,0.171454716317,0.53827046953
INT.0:0.592592011468,0.199572128171,0.757915795039,0.408426226891,0.507191752914,0.467803111307,0.171423922234,0.497058455925,0.339161075252
PWR0:0.15340987207,0.323473286742,0.269117481605,0.515183322764,0.926859654037,0.39318911414,0.523305063942
PWR1:0.641401197591,0.577608933178,0.471945965403,0.284047299635,0.373406486073,0.467789743738
S1:0.878889544744,0.471136359675,0.418749920738,0.485697622755,0.257827478387,0.860295901356,0.339948997493,0.507246460134,0.456624976498,0.484937816492
S0:0.405972734996,0.328296193941,0.868338192138,0.560416714594,0.730676304896,0.139392805144,0.485044223392,0.394177948759,0.747446430198,0.469258470679
PWR0:0.529985394894,0.666100178142,0.382153117786,0.472927336478,0.40779206033,0.527556185927,0.277100582378,0.124378062865,0.696416891442,0.82177663227
PWR1:0.894780381908,0.841260030157,0.716972266476
INT.0:0.662590820017
PWR0:0.245856776209,0.919269180264,0.157860519903,0.336830935693,0.57020520056,0.109147748088
INT.1:0.356808628491
PWR1:0.504820710212,0.334942247704,0.43742600633,0.374619678978,0.752337441165,0.66054209373,0.601674617805
INT.1:0.759319023906,0.700700019002,0.390962877436,0.50344370357,0.766631804451,0.217579422092,0.883811425622,0.589831583679,0.333508214084
INT.0:0.757471976665,0.728228750775,0.292304099178,0.809009167028,0.69529139312
INT.0:0.563672670499,0.146646771491,0.803305103773,0.218914143779,0.547597698679
S1:0.595098041363,0.691910616535,0.359030755032,0.339596893538,0.414814957911,0.474826665267,0.177510044919,0.515492980412,0.438715925082,0.466649376487
S1:0.479715701372,0.490771906727,0.325368571913,0.60625595463,0.566716793279,0.860167642787,0.538667658084,0.0507211330097,0.69112242789,0.544957097176
S2:0.346906676652,0.239659155038,0.506210208812
INT.0:0.544204455529,0.427290369375,0.511765258634,0.88948562848,0.0972515781755,0.279163374726,0.439110456369,0.634186550882
S2:0.254343311751,0.366168358969,0.577598903278,0.219613110862,0.515293119986,0.522662997145,0.770463473973,0.578761425364
S1:0.349644757138
PWR1:0.503315192299,0.402687998873,0.432787151192,0.737741138031,0.374008485264
PWR1:0.468899606614,0.207993644804,0.508024201738,0.352332132626,0.358051356825,0.411026541177
INT.0:0.342767544741,0.362335977907,0.451711838526,0.366196859751,0.357389509264
PWR1:0.658449032656,0.870203117019,0.471932162176,0.644578829996,0.582245554068,0.569405960372,0.228047916111,0.311210698757
S0:0.674786271387,0.750455379611,0.701341498079,0.32739943583,0.519274215636,0.425030965807,0.362277700724,0.495364848641,0.490551822779,0.581602162986
INT.0:0.742948640026,0.560682980061,0.690481377614,0.573850117653
INT.1:0.468354992308
S2:0.644506060557,0.673978765525,0.3197554206,0.831948027065,0.631753913727,0.590584170392
PWR0:0.430912813744,0.267825068581,0.512101137386,0.252308438441,0.222364727905,0.459326280502,0.518629699023,0.584604547215,0.72630514324
INT.0:0.881005056391,0.554649848136,0.45638565873,0.643593562496,0.188072476483,0.173913532624,0.268478140496,0.453973453206
INT.0:0.472077852945,0.833823929729,0.602463403303,0.461625884005,0.338514545974,0.384789766052,0.115343716612,0.661505257696,0.319433526279,0.324165875918
INT.0:0.271086673013,0.782541419796,0.252191872692,0.642471749799,0.726900770037,0.433260502421
S1:0.416761831721,0.377413345091,0.530190284434
INT.0:0.839540948297,0.526975197546,0.334317061374,0.76969881059,0.759820588295,0.628854662816,0.311175120431,0.554039065333,0.231949377644
PWR1:0.526659573995,0.669655518848,0.345258924646,0.549338990197,0.932917299218,0.353691189562,0.367778724965,0.797168337106,0.321208540783,0.482370867262
INT.0:0.374132044698,0.638613558035,0.498934924601,0.448714508605,0.62693501674,0.403032952012
PWR1:0.564245378257,0.171989740911,0.505560828435,0.0522169496705,0.287874573163,0.21666104915
S2:0.491910364722,0.276755989151,0.296817807094
PWR0:0.403183243204,0.66451844507,0.29498168098,0.593237404673,0.587863769719,0.721899422177,0.393755032331,0.527500492099,0.860297400584
S2:0.608518819079,0.121116595965,0.548030005113,0.568412670049,0.533208125243,0.333219308327,0.445900837518,0.364931597917,0.746388419088,0.867301954286
S2:0.654790306566,0.649828397241,0.633264741235
S0:0.552378577097,0.327981632498,0.831787816706,0.595936896133
S2:0.43108721274,0.703779731864,0.293858987
S0:0.519911930324,0.385912547863,0.274999648517,0.545425777048,0.134168747139,0.299562064076,0.714667752237,0.419857794924,0.600519033394
S1:0.415645538349,0.550480851078,0.279032965386,0.022298741424,0.58358165351,0.786161836627
S1:0.534330796732
S2:0.601398501457,0.685255053111,0.457752652374
S2:0.227572252672,0.19474832263
S1:0.822756331793,0.0500369811239,0.499469047602,0.674022231176,0.101780374873,0.635610338723
PWR0:0.415673465373,0.534346878963,0.678748763945
PWR1:0.957350721867
PWR1:0.49374666284,0.290117679839
S1:0.174877039001,0.334649648381,0.232766646557
S0:0.245189745528,0.413979642916,0.223012305249,0.438452964116,0.0755174689231
PWR0:0.862144958588,0.437761638596,0.867377302016,0.527125510178,0.479197666946,0.322787607131,0.327078605419,0.734798041714,0.893037941182,0.375589799898
PWR0:0.723641743212,0.576558402533,0.32732382993,0.246303335999
INT.0:0.424087066207,0.162375329779,0.148938138931,0.174382391856,0.213595037136,0.409901667766,0.427689335559,0.584500021879,0.700430160845
PWR1:0.783991830862,0.249593638669,0.458430099653,0.717913577167,0.69103552592
S0:0.0886356946447
PWR0:0.803843739553,0.381644523141
INT.0:0.857942916136,0.784648436389,0.18675042059,0.519414640094,0.559360049974,0.424990924315,0.552220555525,0.390418322125
PWR1:0.442786817145,0.366270572383,0.73821105187,0.486997104196,0.421084150321,0.385567219692,0.610500102473,0.391094520152,0.501697387415
PWR0:0.1652604019,0.649150728644,0.539574013819,0.685089100195,0.471204041273,0.704464937426,0.250893274195
INT.1:0.57544868189,0.51064010054,0.308699616623
PWR1:0.395890778895,0.635766689756,0.73049682517,0.587759710803,0.515438035082,0.437966759729,0.405118164282,0.507093843355
INT.0:0.727641477452,0.64881471575,0.442691065972,0.224711185645,0.299785110246,0.746630901607,0.0621366220623,0.389512615941,0.803015921008,0.434187971102
S0:0.460359856046,0.418359645384,0.574124328511,0.590544760823,0.661359776137,0.645428901842
INT.0:0.130805360049,0.404789002144,0.261427715509,0.659858964156,0.452171781382,0.638407790985,0.559935086525,0.494600861753,0.667440456096,0.622292031635
INT.1:0.512416670644,0.281343715895,0.825062434352,0.443621343225
INT.0:0.897229903252,0.496413960867,0.499672949436,0.582212972418
PWR1:0.678520783652,0.305486658023,0.455179950397,0.340336150822,0.68561760049,0.802955839723,0.563064035165
S1:0.504202232334,0.524254466902
S1:0.607505406076,0.514448844083,0.306392233922,0.638618007473,0.187457065524,0.0530722870617,0.698865380624,0.481903019823,0.633510292784,0.608148804728
INT.0:0.478069456332,0.552078791481,0.53325536183,0.0799695231502,0.537520935841,0.194152724798,0.68016036925,0.412014457801,0.327126819832
S1:0.512409041076,0.322657793861,0.366993362919,0.628398605429,0.629511840132
INT.1:0.297396288992,0.423954741671,0.675986984689,0.722602013691,0.847675644596
INT.1:0.668501996749,0.136274253154,0.379315360789,0.516024984799,0.49506803462,0.442396380501
S2:0.297917519334
S0:0.402869772528,0.644424890982,0.810805720048,0.599315925769,0.248352486867,0.591811527236
INT.0:0.339604256125,0.138729915008,0.848226220259,0.517914615753
INT.0:0.577134438734,0.922646787401,0.614350253939
INT.1:0.398075373174
INT.1:0.164869930857,0.455555484096,0.905901846463,0.739413110044,0.437705803813
S2:0.906404275912,0.49388892636,0.373960393799,0.559227412432
S1:0.412028886248,0.763564230799,0.107542787161,0.706002532843,0.604382912077,0.761915708801,0.601957993148,0.521355896408
S0:0.20643530096
INT.0:0.575479842219,0.872173228063,0.452429573536,0.505947857741,0.747843934679
S2:0.28242577705,0.452156504155
S0:0.466017228659,0.502752949691,0.648973199966,0.163476673601
INT.0:0.73656899306,0.547103902732,0.263783495379,0.484500374857
S0:0.674648820431,0.742861334877,0.866655610538,0.669603783715,0.299575936591,0.362181186188,0.472702726737,0.567766077542,0.688402778818
PWR1:0.231010524936,0.433850610856,0.487527872895,0.210662922712,0.525880002223,0.408162028035
INT.0:0.972542096667,0.547632194755,0.166450742217
S1:0.793181352049
S1:0.588397789028,0.374961125894,0.418941569212,0.782077093399
S2:0.515644329333,0.766332501752,0.531128069799,0.52543834175,0.392644477852,0.67601132568
S0:0.505578765826,0.551792878661,0.477318219855,0.208169167905,0.570784986409,0.580272182135,0.575040430595,0.132715728833,0.0186873536265,0.28139170234
INT.0:0.489054515249,0.828810875439,0.46649386231,0.625986302552,0.218684785607,0.615962140939,0.568521931025,0.76534411185,0.362846215668
S0:0.326375006983,0.493189209259,0.243028508361,0.392644094384
PWR0:0.864821270058,0.855140029085,0.852640904398,0.561511060114,0.621192383876,0.609574173854,0.85212841784,0.350428854615
INT.0:0.516757595823,0.394461538355,0.373522021518,0.436800492889,0.387210131294
INT.1:0.32519737568,0.547841649499,0.762319650404
INT.1:0.657015993284,0.510088851853,0.0314886390699,0.154701073558,0.586365939719,0.304819153674,0.436021695435,0.694731360101,0.78166696439,0.787318198962
INT.0:0.691465573639,0.483612492468,0.775336668817,0.172611526921,0.329304703404,0.693922892854,0.612443895214,0.68581657037
INT.0:0.483300277226,0.304439074475,0.357506098249,0.757066906166,0.281247803744,0.688966212731,0.673748577236,0.460743225994
S0:0.537156925804,0.671345467176,0.759714813433,0.493807653808,0.217993684379,0.539688690466,0.814096712307,0.400992368248,0.473852707056,0.240871329991
S1:0.284803529883,0.37820494483,0.502170946297,0.561814616431,0.22892817622,0.790426895672,0.516215896878,0.096371461462,0.201230464684,0.610142296945
INT.0:0.557922715996,0.252038842153,0.570659338778
PWR0:0.775034606955,0.378642955026,0.361570652927,0.154538308946,0.751701290445
S0:0.328871003994,0.0538220043027,0.493176356934,0.520373300823,0.479873204092
S2:0.396697955467,0.349911316969,0.480216133013,0.403865587305,0.526706678455,0.514630199756
INT.1:0.670236183349,0.723744435581,0.422029163155,0.385184714579,0.808262975584
S0:0.527213897864,0.620345901589,0.489170104447,0.138763198733,0.731346421128,0.484520880534,0.224586827144
S0:0.726299843682,0.45178534145,0.637885858456
S0:0.44252961008,0.779828589136,0.339839750917,0.35209949141
INT.1:0.820144671155,0.441022030475
S1:0.607703236166
PWR1:0.0398055312679,0.31964771957,0.8498300706,0.174089709929
INT.0:0.700880962392
S2:0.786083184649,0.512224213185,0.678660550661,0.544501336282,0.529937066842,0.963198608557,0.828599792247,0.643732714049,0.20319048317,0.816690796181
PWR0:0.145647204842,0.536386165459
PWR0:0.575467191938
PWR0:0.357095809244
INT.0:0.426602798188,0.586383314353,0.591966795656,0.587361758692,0.462189548669,0.495061618864,0.680400361225,0.551285299675
S0:0.244987870692,0.774510976225,0.776032195567,0.754975744217,0.5994415785,0.654058094689,0.378197705467,0.429594390566,0.135160783776
S2:0.541465507854,0.295093508439
PWR1:0.226929292422,0.167919129427,0.358198461875,0.529618972516,0.740436591112,0.289378464628,0.334141516551,0.369872169521
S0:0.564272988993,0.276595824114,0.63256215673,0.487980253267,0.781199270652,0.612536471983
PWR1:0.35221737042,0.442240967443,0.29074736545,0.554600745497
S1:0.413203690989,0.340231563087,0.833463299897,0.400107383471,0.713909362187,0.597145390231,0.281990719507,0.680987068519
S0:0.595442677217,0.642340091461,0.368936316454,0.675647265342,0.724421107056,0.450626704445,0.618212449001,0.12623601714,0.310413210635,0.338510552437
PWR0:0.641545009134
PWR0:0.428476957333,0.657622508315
S0:0.229525428819,0.635156763222,0.529591753659,0.692803432387,0.431971507522,0.429961250238,0.539986054703,0.132394164496,0.540819609821,0.393105093405
S0:0.846375935769,0.306411376353,0.451386329848,0.390299067515,0.548734601238,0.500823161497,0.685426442076,0.851530424097,0.3701189521,0.187851163806
PWR0:0.675256030274
INT.1:0.458554451609,0.481681842568,0.171388630315,0.367379579077,0.868026404692,0.679941517949,0.255007857309,0.636511875584,0.423728670474
INT.1:0.315287972012,0.722945451786,0.575545261077,0.392174150883,0.395026177616,0.311356401061,0.686903347078,0.321539291388,0.402592971047
PWR1:0.532460644709,0.776222386947,0.60663352598,0.364629391814,0.329501994231,0.748143474865
INT.0:0.583966037928,0.631158535649,0.39547035695,0.510869423643
S2:0.303545679002,0.545583533382,0.383999492287,0.725879357425
INT.1:0.526926861753,0.424926060012,0.72591910541,0.888949119202,0.86290509251
INT.0:0.519492078165,0.143798520695,0.366771819938
PWR1:0.34969508393
INT.1:0.948648778181,0.784588079423,0.388046861369,0.582857490797,0.630684699196,0.419970165264,0.487900109012,0.879294929624
INT.0:0.595903822089,0.668890560005,0.593071473978,0.571487363255,0.354569782517,0.196672399163
S0:0.113754816554,0.469082548834,0.153440228814,0.702405109778,0.426384737495,0.53646258502,0.42845764867,0.398716931647
S0:0.40354993892,0.507971183195,0.649698921389,0.566439953255,0.333148592231,0.223222170964,0.258470273538
S0:0.245085349126,0.262322940471,0.0987647610321,0.248425897558,0.586672250328,0.0997555343575,0.645363226058,0.337831000017,0.291510673215
INT.0:0.679065148273,0.294251900149,0.46923048569,0.479359293175
S0:0.301804520777,0.426048913097,0.329426184748,0.865669396005,0.483296470764,0.256917565054,0.265719020905,0.576242281256,0.567806680769
PWR0:0.476962459504
INT.1:0.375925618661,0.461692767684,0.887573652112,0.654263759297,0.70908070938,0.400524950204,0.804329959571,0.456146034233,0.909363048672
PWR0:0.0790676723354
PWR0:0.707834396452,0.721893073631,0.563231273314,0.803381626375,0.580518032641,0.346749656355,0.220535152641,0.262252438487
S0:0.634466205407,0.24299054923,0.254567241254,0.64058987478,0.782558903646
INT.0:0.465984409991,0.214266980574,0.476935904468,0.719533131312,0.4789493013,0.617917969492,0.458820416789,0.748294761894,0.103007851367,0.313160753292
INT.0:0.88917160164,0.324300992542,0.523830504635,0.502858931043
INT.1:0.438238524112,0.443042466302
INT.0:0.677985482397,0.59204110608,0.327391016141,0.653313900748,0.509537700989
S2:0.732764760125,0.949697538602,0.51390381687,0.522446238916,0.498272378034,0.301450953818,0.569967472061,0.47248350198
PWR1:0.218189065721,0.657418890477
PWR1:0.913911128643
S2:0.16178957687,0.608295984601,0.512863198502,0.473348750871,0.415664189121,0.764167264996,0.692364619368,0.27891168241
S1:0.72028646946,0.709764512705,0.302823529187,0.664084639366,0.578030529561,0.421381936884,0.323290279743
INT.0:0.38997837828,0.525282966493,0.766242013127,0.351030545649,0.510122056509,0.193204812323,0.634108436225
PWR1:0.252949517363,0.528077581289,0.273153293441,0.246184145864,0.249654854528,0.491657991469,0.759223422728,0.290209780935,0.0289522268583
S0:0.111165738911
INT.0:0.618849520478,0.569881179421,0.641917170105,0.621282128895,0.423401794237
S1:0.310188806546,0.489244376567,0.578341002582,0.894884473424,0.812985799606
INT.1:0.338665667163,0.421313759373
INT.0:0.501760411273,0.86313778832,0.685421767713,0.258628463885,0.21484054336,0.701696204752,0.748601347293,0.27265944097
INT.1:0.46359575836,0.918341183691,0.707931769902,0.227210294895,0.717733143803,0.492225726156
INT.1:0.684051668046,0.46208798428,0.568816353696,0.486745591222,0.295581672986
S1:0.490683666778,0.196188529541,0.254273153264,0.146405386865
S0:0.546055276985,0.644797347214,0.522319802373,0.532712973113,0.171599984954,0.710081102704,0.16215934053,0.532492605321,0.439370577755,0.583013955999
PWR1:0.612044302386,0.840160862839,0.491905773241,0.433206417765,0.695536086672,0.250531595207,0.556786744866
PWR0:0.553579983346,0.538050430776,0.340141416369,0.682936923233,0.58257389479,0.218370690624,0.367457268095,0.112030613852,0.56863865883,0.162821092956
PWR1:0.691839785635,0.189758632338,0.601848026695,0.418274550719,0.263464262838,0.595773915539
PWR1:0.504443136087,0.471164729932,0.831205414709,0.392698962341,0.447722825398,0.727304799069
INT.1:0.567667333962,0.248132675917
PWR0:0.627721272352,0.209228615874,0.224070495619,0.753011618926,0.377248498599,0.498969365901
PWR0:0.469341696294,0.30381195691
PWR0:0.496638697039,0.36609198462,0.484935405632,0.80408527488,0.638637873591
PWR0:0.570863815802,0.775746696852,0.427257489744,0.36574471406,0.564505862389,0.441139748313,0.391261154787,0.260300069596
S2:0.214062895853,0.759301277649,0.82903274515,0.212306100586,0.046157733134,0.73326500982,0.4849420373
PWR0:0.649066945202,0.56827851027,0.229385184717,0.293571770807,0.262818092816,0.754388318475,0.436031204313,0.358495126939,0.480618483666,0.43582933628
PWR0:0.403303744534,0.389464087052,0.564528488965,0.548882278137,0.622189383908,0.745067308755
INT.0:0.376069192905,0.759186487675,0.545407114382
PWR0:0.179887943,0.468966188757,0.372937669995,0.536962792529,0.335982110517,0.282117769859,0.242010024248,0.755949115233,0.339495860635,0.543059409492
S0:0.432010676017,0.496501329402,0.652329082012,0.851585232046,0.320443470949,0.638508597908,0.372119771092,0.561007749478
INT.0:0.228266646149,0.674979378448,0.52930150003,0.409675646601,0.778110238593,0.378893131044,0.774852456786,0.357565639604
S0:0.448916880854,0.878723274215,0.623204360507,0.46466912041,0.33319067014,0.936845539107
PWR0:0.491580371992
S0:0.51433572384,0.597150999715,0.584893115157,0.413291992701,0.482767951782
PWR0:0.540985830727,0.0488776222703,0.14891994106,0.460832715049,0.697749947092
INT.0:0.404456468312,0.724180756984,0.532756286298,0.831637531655,0.90437359711,0.485127778222,0.474771968838,0.15449755615
INT.1:0.53290686293,0.517857717193,0.552365007915,0.349425530075,0.640871111992,0.262822512474,0.925559518529,0.518499620612,0.0681865038667,0.528223077672
INT.1:0.153481957631,0.500191494004,0.253578257895,0.464512704147
S2:0.617710805568,0.622735383432,0.312906830652,0.494727488009,0.69015806626
PWR0:0.487600917
S1:0.663319827122,0.664782972235
S0:0.443449339274,0.447985669161,0.469574717957,0.692476980377,0.260599036921,0.581483777781,0.692375150484,0.905507687983,0.209501909328,0.523703637025
S2:0.350283400426,0.533927244788,0.691381438371,0.929322744024,0.674003861977,0.236505176764,0.374057900864
PWR1:0.685160488111,0.48211422368,0.356678837218,0.119347715549,0.136055645629,0.765956876595,0.566431861373,0.598871708019,0.967370088394
PWR0:0.671210859037
S0:0.423235264146,0.51386047231,0.336184706602,0.244606323572,0.458734334085,0.778845199255,0.776946587365,0.35776643825
