0.261530971465,0.414676799494,0.549170995538
0.0934479692957,0.555388088382,0.919802535327
0.780166205848,0.166294351034,0.423397406309
0.753497948037,0.59039821489,0.849236958917
0.301465242345,0.841576017782,0.796200678932
0.892268459201,0.431581791088,0.579055127409
0.705886127497,0.509291819266,0.487497485584
0.530942674881,0.108019583967,0.557259518672
0.791078655114,0.964052551425,0.47080928954
0.417005829122,0.607955925238,0.346212778148
0.651237944224,0.0482872776641,0.72431844497
0.499435368985,0.455200845266,0.0720565105247
0.489153780686,0.144073506234,0.607304910162
0.306229493914,0.988805662922,0.673705742305
0.234565509504,0.867813211299,0.322033432371
0.921030560911,0.781173723221,0.324007333444
0.247301400621,0.449411980868,0.0779297421026
0.811315825645,0.0586830047227,0.60413290561
0.410530540225,0.842922353729,0.0839931960363
0.191642591044,0.642481222718,0.208055774254
0.0693640474454,0.911126999453,0.272255330305
