1,"2012-01-11 12:51:34",48,104,0.00,2
2,"2012-01-11 12:51:45",48,105,0.00,2
3,"2012-01-11 12:51:58",24,20,0.00,2
4,"2012-01-11 12:52:10",29,19,0.00,2
5,"2012-01-11 12:52:23",24,106,0.00,2
6,"2012-01-11 12:52:33",48,100,0.00,2
7,"2012-01-11 12:52:40",48,101,0.00,2
8,"2012-01-11 12:53:09",69,18,0.00,2
9,"2012-01-11 12:53:20",24,93,0.00,2
10,"2012-01-11 12:53:27",24,94,0.00,2
11,"2012-01-11 13:03:02",24,107,0.00,2
12,"2012-01-11 13:03:09",48,96,0.00,2
13,"2012-01-11 13:03:24",72,88,0.00,2
14,"2012-01-11 13:03:37",72,89,0.00,2
15,"2012-01-11 13:03:52",96,91,0.00,2
16,"2012-01-11 13:03:59",96,87,0.00,2
17,"2012-01-11 13:04:06",48,90,0.00,2
18,"2012-01-11 13:04:15",48,92,0.00,2
19,"2012-01-11 13:04:24",48,95,0.00,2
20,"2012-01-11 13:04:35",72,103,0.00,2
21,"2012-01-11 16:29:38",72,108,0.00,2